well lavel (cm)                      TIME = BJT
    35.545   106.667       617   980.122                                        
 2006   01   01   00                                                           
 8760  1.0   9000.D0                                                           
(1F12.9) 
54.6 
55.3 
55.8 
56.0 
56.0 
55.8 
55.3 
54.8 
54.4 
54.2 
54.2 
54.3 
54.5 
54.4 
54.2 
53.9 
53.4 
53.0 
52.6 
52.3 
52.2 
52.3 
52.6 
53.1 
53.9 
54.6 
55.1 
55.5 
55.6 
55.2 
54.8 
53.9 
53.2 
52.2 
51.7 
51.4 
51.1 
50.8 
50.2 
49.8 
49.5 
48.7 
48.4 
48.1 
47.8 
47.6 
48.0 
48.4 
48.8 
49.4 
49.8 
50.2 
50.3 
50.2 
49.7 
49.5 
48.8 
48.2 
47.8 
47.5 
47.2 
46.8 
46.5 
46.1 
45.8 
45.5 
45.3 
45.2 
45.2 
45.1 
45.2 
45.6 
46.1 
46.6 
47.3 
47.8 
48.3 
48.6 
48.7 
48.8 
48.7 
49.1 
49.2 
49.4 
49.6 
49.7 
49.9 
50.1 
50.4 
50.9 
51.1 
51.8 
52.3 
52.7 
53.0 
53.4 
53.8 
54.4 
54.9 
55.5 
55.9 
56.1 
56.2 
56.2 
56.2 
55.7 
55.6 
55.7 
55.6 
55.4 
55.3 
55.3 
55.5 
55.7 
56.1 
56.5 
57.1 
57.5 
57.9 
58.2 
58.4 
58.7 
59.1 
59.5 
59.9 
60.3 
60.5 
60.8 
61.0 
60.9 
60.9 
60.9 
60.8 
60.4 
59.9 
59.3 
58.8 
58.5 
58.4 
58.4 
58.5 
58.9 
59.0 
59.1 
59.0 
58.9 
58.7 
58.5 
58.4 
58.3 
58.2 
58.1 
58.1 
58.7 
58.6 
58.4 
58.0 
57.3 
56.6 
56.0 
55.7 
55.5 
55.7 
56.1 
56.6 
57.2 
57.5 
57.7 
57.7 
57.6 
57.5 
57.4 
57.3 
57.4 
57.4 
57.4 
57.6 
58.0 
58.2 
58.2 
58.0 
57.5 
56.9 
56.4 
56.0 
55.8 
56.1 
56.6 
57.1 
57.6 
58.1 
58.3 
58.2 
58.0 
57.8 
57.5 
57.1 
56.9 
56.6 
56.5 
56.5 
57.0 
57.0 
57.1 
56.9 
56.5 
55.8 
55.2 
54.7 
54.4 
54.5 
54.9 
55.4 
56.0 
56.5 
56.8 
56.9 
56.8 
56.5 
56.1 
55.7 
55.3 
54.9 
54.7 
54.7 
55.3 
55.5 
55.5 
55.3 
54.8 
54.1 
53.4 
52.7 
52.3 
52.2 
52.3 
52.6 
53.0 
53.5 
53.8 
54.0 
54.0 
53.8 
53.3 
52.9 
52.2 
51.8 
51.6 
51.6 
51.2 
51.4 
51.5 
51.5 
51.1 
50.6 
49.9 
49.4 
49.1 
49.0 
49.2 
49.7 
50.2 
50.8 
50.5 
51.9 
52.2 
52.2 
52.1 
51.9 
51.5 
51.0 
50.7 
50.6 
50.3 
50.6 
50.9 
51.0 
50.9 
50.6 
50.1 
49.5 
49.3 
49.2 
49.4 
49.8 
50.4 
51.0 
50.7 
52.4 
52.7 
52.9 
52.7 
52.5 
52.1 
51.6 
51.0 
50.8 
50.7 
50.8 
51.0 
51.1 
50.9 
50.5 
50.1 
49.7 
49.3 
49.1 
49.2 
49.5 
49.9 
50.5 
51.0 
51.7 
52.2 
52.4 
52.5 
52.1 
51.5 
50.9 
50.2 
49.9 
50.2 
50.2 
50.3 
50.3 
50.1 
49.8 
49.4 
49.0 
48.8 
48.8 
48.9 
49.3 
49.8 
50.5 
51.3 
51.9 
52.6 
53.1 
53.2 
53.3 
53.0 
52.4 
51.8 
51.4 
51.0 
51.0 
51.0 
50.8 
50.7 
50.2 
49.7 
49.1 
48.4 
48.0 
47.6 
47.5 
47.5 
47.8 
48.3 
48.9 
49.4 
49.9 
50.1 
49.9 
49.5 
48.9 
48.2 
47.7 
47.7 
47.6 
47.7 
47.7 
47.6 
47.3 
47.0 
46.7 
46.4 
46.2 
46.0 
45.9 
46.0 
46.0 
46.8 
47.3 
47.8 
48.4 
48.8 
49.0 
48.8 
49.5 
49.0 
48.7 
47.8 
47.7 
47.7 
47.8 
47.7 
47.6 
47.4 
47.2 
47.1 
47.1 
47.2 
47.2 
47.3 
47.6 
47.9 
48.2 
48.6 
49.0 
49.3 
49.4 
49.2 
48.8 
48.4 
48.0 
47.8 
47.7 
47.8 
47.8 
47.8 
47.7 
47.5 
47.4 
47.4 
47.3 
47.3 
47.2 
47.3 
47.6 
47.8 
48.1 
48.5 
48.9 
49.2 
49.5 
49.5 
49.4 
49.2 
48.7 
48.1 
47.9 
48.0 
48.0 
47.9 
47.8 
47.9 
47.9 
48.0 
48.2 
48.2 
48.4 
48.6 
48.9 
49.1 
49.3 
49.8 
50.3 
50.6 
50.9 
51.1 
51.0 
51.0 
50.9 
50.9 
50.9 
51.0 
51.0 
50.8 
50.6 
50.4 
50.3 
50.5 
50.6 
50.9 
51.1 
51.4 
51.6 
51.8 
52.1 
52.4 
52.7 
53.0 
53.2 
53.2 
53.2 
53.1 
53.0 
53.4 
53.3 
53.2 
52.9 
52.5 
52.0 
51.6 
51.2 
51.0 
50.9 
50.8 
50.8 
50.7 
50.5 
50.5 
50.5 
50.5 
50.5 
50.6 
50.7 
50.8 
50.9 
51.0 
51.3 
51.9 
52.0 
52.1 
52.0 
51.8 
51.6 
51.5 
51.5 
51.7 
52.2 
52.6 
53.1 
53.5 
53.7 
53.9 
54.0 
54.0 
54.0 
53.9 
53.7 
53.7 
53.6 
53.6 
53.6 
53.2 
53.2 
53.2 
53.0 
52.7 
52.3 
52.0 
51.9 
52.0 
52.2 
52.6 
53.1 
53.4 
53.8 
53.9 
54.0 
54.0 
53.8 
53.6 
53.4 
53.2 
53.1 
53.0 
53.0 
53.1 
53.1 
53.2 
53.1 
52.8 
52.4 
52.2 
51.8 
51.7 
51.9 
52.3 
52.7 
53.2 
53.6 
53.9 
54.0 
54.0 
53.8 
53.7 
53.4 
53.2 
53.0 
53.0 
53.2 
52.0 
52.3 
52.6 
52.5 
52.2 
51.8 
51.4 
51.3 
51.2 
51.6 
52.1 
52.8 
53.6 
54.2 
54.7 
54.9 
54.8 
54.7 
54.3 
53.8 
53.5 
53.1 
53.0 
53.0 
53.2 
53.5 
53.7 
53.7 
53.5 
52.9 
52.2 
51.6 
51.0 
51.0 
51.1 
51.4 
51.9 
52.3 
52.7 
52.9 
52.9 
52.6 
52.0 
51.1 
50.4 
49.5 
48.9 
48.5 
48.7 
48.7 
48.7 
48.6 
48.2 
47.6 
46.8 
46.2 
45.8 
45.7 
45.8 
46.3 
47.1 
47.9 
48.7 
49.4 
49.7 
49.7 
49.5 
48.7 
48.0 
47.3 
46.7 
46.4 
46.8 
46.8 
46.7 
47.0 
46.8 
46.3 
45.5 
44.7 
43.9 
43.4 
43.0 
43.1 
43.4 
43.9 
44.5 
45.1 
45.6 
45.9 
45.8 
45.7 
45.3 
44.6 
44.0 
43.6 
43.4 
43.4 
43.5 
43.6 
43.5 
43.1 
42.6 
42.0 
41.5 
41.1 
40.8 
41.0 
41.4 
42.0 
42.8 
43.7 
44.6 
45.3 
45.7 
45.9 
45.8 
45.6 
45.5 
45.3 
46.0 
46.4 
46.9 
47.4 
47.6 
47.5 
47.2 
46.8 
46.5 
46.2 
46.0 
46.0 
46.4 
47.0 
47.7 
48.6 
49.5 
50.1 
50.4 
50.3 
50.0 
49.6 
49.1 
48.8 
48.5 
48.4 
48.6 
48.7 
49.0 
49.0 
48.8 
48.5 
48.4 
47.8 
47.4 
47.2 
47.1 
47.1 
47.5 
48.0 
48.6 
49.1 
49.4 
49.5 
49.2 
48.8 
48.2 
47.6 
47.5 
47.1 
46.9 
46.8 
46.7 
46.4 
46.2 
45.8 
45.4 
45.1 
44.7 
44.3 
44.0 
43.9 
44.0 
44.3 
44.8 
45.2 
45.7 
46.0 
45.9 
45.8 
45.6 
45.3 
45.3 
45.3 
45.3 
45.6 
45.8 
46.0 
46.2 
46.4 
46.6 
46.7 
46.7 
46.7 
46.8 
46.8 
47.0 
47.3 
47.7 
48.4 
48.9 
49.4 
49.8 
50.0 
50.0 
50.1 
49.9 
49.9 
50.0 
50.2 
50.5 
50.6 
50.8 
51.0 
51.2 
51.4 
51.5 
51.6 
51.7 
51.7 
51.7 
51.7 
51.7 
51.8 
51.9 
52.0 
52.0 
52.0 
51.8 
51.6 
50.9 
50.6 
50.3 
50.1 
49.8 
49.5 
49.2 
49.0 
48.8 
48.8 
48.9 
49.0 
49.1 
49.1 
48.9 
48.9 
48.8 
48.8 
48.7 
48.7 
48.7 
48.7 
48.7 
48.7 
49.0 
49.0 
48.9 
48.6 
48.3 
47.9 
47.5 
47.2 
47.1 
47.1 
47.2 
47.3 
47.4 
47.4 
47.2 
47.1 
46.9 
46.5 
46.2 
46.1 
45.9 
45.8 
45.8 
46.0 
46.7 
46.9 
47.0 
47.1 
47.1 
47.0 
46.7 
46.6 
46.6 
46.8 
47.2 
47.6 
48.1 
48.4 
48.7 
48.8 
48.7 
48.4 
48.4 
48.1 
48.0 
47.8 
47.8 
47.8 
47.0 
47.2 
47.3 
47.3 
47.3 
47.1 
46.9 
46.8 
46.7 
46.9 
47.3 
47.3 
48.4 
48.9 
49.3 
49.5 
49.5 
49.3 
49.0 
48.6 
48.2 
47.9 
47.8 
47.9 
48.7 
49.1 
49.4 
49.5 
49.6 
49.4 
49.2 
48.9 
48.9 
49.3 
49.8 
50.5 
51.2 
52.0 
52.6 
53.0 
53.1 
53.0 
52.8 
52.4 
51.8 
51.5 
51.2 
51.2 
51.7 
51.8 
52.0 
52.6 
52.1 
51.5 
50.8 
50.3 
50.0 
49.9 
50.1 
50.6 
51.0 
51.7 
52.1 
52.4 
52.5 
52.4 
51.9 
51.3 
50.7 
50.0 
49.6 
49.4 
49.1 
49.1 
49.1 
49.1 
48.8 
48.3 
47.6 
46.9 
46.3 
45.9 
45.8 
46.0 
46.5 
47.0 
47.6 
48.0 
48.3 
48.3 
48.2 
47.7 
47.2 
46.7 
46.3 
46.1 
46.2 
46.4 
46.6 
46.9 
46.8 
46.5 
46.0 
45.6 
45.0 
44.6 
44.4 
44.5 
44.8 
45.4 
46.1 
46.6 
46.9 
47.1 
47.0 
46.6 
46.1 
45.5 
45.1 
44.8 
45.1 
45.2 
45.4 
45.5 
45.5 
45.3 
44.8 
44.2 
43.7 
43.1 
42.7 
42.6 
42.7 
43.0 
43.3 
43.8 
44.0 
44.1 
44.1 
43.6 
43.2 
42.6 
42.1 
41.9 
41.9 
42.0 
42.3 
42.3 
42.1 
41.7 
41.0 
40.2 
39.6 
39.1 
38.8 
38.8 
39.1 
39.7 
40.4 
41.1 
41.8 
42.0 
41.9 
41.8 
41.4 
41.0 
40.4 
40.0 
39.7 
39.7 
39.8 
40.0 
40.0 
39.8 
39.4 
39.0 
38.6 
38.4 
38.1 
37.9 
38.1 
38.6 
39.2 
39.8 
40.4 
40.8 
41.0 
40.9 
40.5 
39.9 
39.5 
39.2 
39.9 
40.0 
40.3 
40.5 
40.8 
40.8 
40.8 
40.8 
40.6 
40.4 
40.3 
40.5 
41.0 
41.6 
42.5 
43.4 
44.3 
45.1 
45.7 
46.2 
46.4 
46.4 
46.3 
46.3 
45.9 
46.1 
46.4 
46.7 
47.0 
47.1 
47.3 
47.3 
47.3 
47.3 
47.3 
47.3 
47.6 
48.0 
48.5 
49.0 
49.6 
50.1 
50.5 
50.6 
50.6 
50.5 
50.2 
50.1 
49.5 
49.4 
49.5 
49.6 
49.7 
49.7 
49.6 
49.4 
49.2 
48.8 
48.6 
48.4 
48.3 
48.3 
48.4 
48.6 
48.7 
48.9 
49.1 
49.1 
49.0 
48.8 
48.5 
48.1 
47.5 
47.5 
47.5 
47.4 
47.5 
47.4 
47.3 
47.3 
47.1 
46.9 
46.7 
46.4 
46.3 
46.3 
46.2 
46.3 
46.4 
46.5 
46.7 
46.7 
46.6 
46.6 
46.5 
46.3 
46.4 
46.4 
46.5 
46.7 
46.7 
46.7 
46.6 
46.5 
46.5 
46.4 
46.4 
46.4 
46.5 
46.4 
46.4 
46.3 
46.3 
46.2 
46.1 
46.0 
45.7 
45.5 
45.1 
44.8 
45.0 
44.9 
44.8 
44.7 
44.4 
44.1 
43.8 
43.6 
43.3 
43.1 
43.0 
42.9 
42.8 
42.6 
42.4 
46.3 
46.3 
46.2 
46.1 
46.0 
45.7 
45.5 
45.1 
44.8 
45.0 
44.9 
44.8 
44.7 
44.4 
44.1 
43.8 
43.6 
43.3 
43.1 
43.0 
42.9 
42.8 
42.6 
42.4 
46.5 
47.0 
47.3 
47.4 
47.3 
47.1 
46.8 
46.6 
46.5 
46.1 
46.1 
46.0 
45.8 
45.5 
45.2 
44.9 
44.7 
44.8 
45.0 
45.4 
45.7 
46.0 
46.4 
46.7 
46.8 
46.7 
46.4 
45.9 
45.5 
45.0 
44.7 
44.5 
44.5 
44.8 
45.0 
45.2 
45.1 
45.0 
44.5 
44.1 
43.8 
43.7 
43.9 
44.2 
44.7 
45.3 
45.7 
46.0 
46.2 
46.2 
45.9 
45.6 
44.9 
44.3 
43.9 
43.7 
43.6 
44.1 
44.2 
44.2 
44.2 
44.0 
43.6 
43.0 
42.5 
42.3 
42.4 
42.6 
43.0 
43.7 
43.2 
43.4 
44.8 
44.8 
44.4 
43.9 
43.1 
42.4 
41.9 
41.4 
41.3 
41.0 
41.3 
41.5 
41.5 
41.4 
40.9 
40.2 
39.6 
39.2 
38.8 
38.9 
39.1 
39.7 
40.3 
41.0 
41.7 
42.0 
41.9 
41.5 
40.7 
39.9 
39.1 
38.6 
38.4 
38.9 
39.3 
39.5 
39.6 
39.5 
39.0 
38.4 
37.6 
36.9 
36.6 
36.4 
36.7 
37.3 
38.1 
39.0 
39.7 
40.2 
40.2 
40.2 
39.7 
39.0 
38.6 
38.2 
38.1 
38.2 
38.7 
39.3 
40.0 
40.3 
40.4 
40.2 
39.9 
39.6 
39.2 
39.1 
39.4 
40.1 
41.0 
42.1 
43.1 
43.9 
44.3 
44.4 
44.2 
43.6 
43.0 
42.7 
42.5 
42.4 
42.9 
43.4 
43.9 
44.2 
44.3 
44.0 
43.7 
43.3 
42.8 
42.5 
42.5 
42.9 
43.4 
44.2 
44.9 
45.6 
46.0 
46.1 
45.9 
45.4 
44.7 
44.1 
43.8 
43.9 
44.0 
44.2 
44.5 
44.7 
44.7 
44.4 
43.9 
43.3 
42.5 
42.0 
41.5 
41.4 
41.6 
42.0 
42.5 
43.0 
43.4 
43.6 
43.5 
43.1 
42.7 
42.1 
41.7 
42.1 
42.0 
42.1 
42.2 
42.2 
42.2 
41.8 
41.4 
40.8 
40.0 
39.3 
38.8 
38.5 
38.4 
38.6 
38.8 
39.1 
39.4 
39.6 
39.6 
39.3 
38.9 
38.5 
38.1 
38.2 
38.1 
38.2 
38.2 
38.3 
38.3 
38.3 
38.3 
38.1 
37.9 
37.6 
37.4 
37.3 
37.2 
37.2 
37.3 
37.5 
37.9 
38.1 
38.1 
38.0 
37.6 
37.5 
37.3 
36.7 
36.7 
36.6 
36.5 
36.4 
36.4 
36.2 
36.2 
36.2 
36.1 
35.9 
35.7 
35.5 
35.5 
35.5 
35.5 
35.5 
35.6 
35.6 
35.5 
35.3 
35.2 
35.0 
35.0 
34.6 
34.6 
34.7 
34.7 
34.7 
34.5 
34.4 
34.3 
34.4 
34.5 
34.7 
34.8 
34.9 
34.9 
34.9 
34.8 
34.8 
34.7 
34.8 
34.7 
34.7 
34.7 
34.6 
34.6 
34.8 
34.8 
34.8 
34.8 
34.5 
34.4 
34.2 
34.0 
34.0 
34.1 
34.3 
34.4 
34.5 
34.6 
34.5 
34.4 
34.2 
34.0 
33.6 
33.3 
33.0 
32.8 
32.7 
32.7 
32.4 
32.4 
32.4 
32.2 
31.9 
31.6 
31.2 
31.0 
31.1 
31.3 
31.4 
31.9 
32.4 
33.0 
33.3 
33.4 
33.4 
33.3 
33.1 
32.9 
32.7 
32.7 
32.8 
33.1 
33.2 
33.6 
33.7 
33.8 
33.6 
33.2 
32.9 
32.5 
32.2 
32.1 
32.2 
32.5 
32.9 
33.3 
33.6 
33.8 
33.8 
33.6 
33.2 
32.9 
32.4 
32.2 
32.2 
32.3 
32.5 
32.8 
33.0 
32.9 
32.6 
32.1 
31.4 
30.8 
30.3 
30.1 
30.1 
30.4 
31.0 
31.3 
31.6 
31.4 
31.6 
31.7 
31.3 
30.7 
29.9 
29.3 
29.1 
29.2 
29.7 
30.0 
30.0 
29.9 
29.5 
28.9 
28.2 
27.4 
27.1 
27.0 
27.1 
27.4 
28.0 
28.5 
29.1 
29.4 
29.4 
29.2 
28.7 
28.1 
27.4 
26.9 
26.4 
26.4 
26.0 
26.3 
26.8 
27.0 
27.1 
26.9 
26.6 
26.2 
26.0 
26.0 
26.6 
27.3 
28.2 
29.2 
30.3 
31.2 
31.7 
32.0 
32.1 
32.0 
31.9 
32.0 
32.1 
32.5 
33.3 
34.1 
34.8 
35.5 
35.8 
35.9 
35.9 
35.7 
35.7 
35.9 
36.3 
37.2 
38.1 
39.2 
40.4 
41.3 
42.0 
42.3 
42.3 
42.2 
41.9 
41.5 
41.4 
41.4 
42.2 
42.6 
43.0 
43.2 
43.3 
43.0 
42.3 
41.5 
40.8 
40.3 
40.0 
40.1 
40.6 
41.3 
42.0 
42.6 
43.0 
43.3 
43.2 
42.8 
42.3 
41.8 
41.3 
41.1 
41.6 
41.8 
42.0 
42.2 
42.1 
41.8 
41.1 
40.4 
39.5 
39.0 
38.5 
38.4 
38.6 
39.0 
39.5 
40.0 
40.4 
40.5 
40.5 
40.0 
39.5 
39.1 
38.7 
38.6 
39.1 
39.3 
39.6 
39.8 
39.7 
39.4 
39.0 
38.2 
37.5 
36.8 
36.3 
35.9 
35.9 
36.2 
36.7 
37.0 
37.4 
37.5 
37.5 
37.3 
36.7 
36.1 
35.6 
35.3 
35.0 
35.1 
35.1 
35.2 
35.0 
34.4 
33.7 
32.8 
31.8 
31.0 
30.2 
29.7 
29.6 
29.8 
30.1 
30.4 
30.8 
31.1 
31.2 
31.2 
31.0 
30.8 
30.7 
30.7 
31.1 
31.4 
31.8 
32.2 
32.4 
32.4 
32.3 
31.9 
31.4 
30.9 
30.5 
30.3 
30.4 
30.8 
31.4 
32.2 
33.0 
33.9 
34.8 
35.2 
35.3 
35.3 
35.2 
35.1 
35.5 
35.7 
36.2 
36.6 
36.8 
36.9 
36.7 
36.4 
35.9 
35.5 
35.1 
34.9 
34.8 
34.9 
35.0 
35.3 
35.7 
36.0 
36.2 
36.1 
36.0 
35.8 
35.6 
35.5 
35.0 
35.0 
35.1 
35.2 
35.2 
35.1 
34.9 
34.6 
34.2 
33.8 
33.5 
33.3 
33.0 
32.7 
32.7 
32.7 
32.6 
32.7 
32.6 
32.5 
32.1 
31.8 
31.7 
31.5 
31.6 
31.6 
31.7 
31.7 
31.7 
31.7 
31.5 
31.3 
31.1 
30.8 
30.6 
30.4 
30.2 
30.1 
30.0 
29.9 
29.9 
29.8 
29.8 
29.6 
29.5 
29.2 
29.0 
29.0 
29.0 
29.0 
29.1 
29.2 
29.2 
29.1 
29.0 
29.0 
29.0 
29.2 
29.2 
29.3 
29.4 
29.5 
29.6 
29.7 
29.7 
29.7 
29.8 
29.9 
30.0 
30.1 
30.3 
30.5 
31.0 
31.2 
31.5 
31.6 
31.6 
31.6 
31.5 
31.5 
31.6 
31.9 
32.2 
32.5 
32.9 
33.1 
33.3 
33.4 
33.4 
33.2 
33.0 
32.9 
32.6 
32.4 
32.7 
32.9 
33.4 
33.5 
33.5 
33.4 
33.1 
32.7 
32.4 
32.2 
32.1 
32.2 
32.5 
33.0 
33.5 
33.8 
34.0 
34.1 
34.1 
34.0 
33.7 
33.4 
33.2 
33.1 
33.1 
33.4 
33.2 
33.4 
33.5 
33.4 
33.1 
32.6 
32.0 
31.5 
31.4 
31.5 
31.8 
32.2 
32.8 
33.2 
33.5 
33.7 
33.6 
33.3 
32.8 
32.4 
32.0 
32.0 
32.1 
32.4 
33.4 
33.7 
33.8 
33.5 
33.1 
32.5 
32.0 
31.4 
31.0 
30.9 
31.1 
31.7 
32.3 
33.1 
33.7 
34.0 
34.1 
34.0 
33.7 
33.2 
32.7 
32.4 
32.2 
32.4 
32.6 
32.9 
33.2 
33.3 
33.0 
32.6 
32.0 
31.3 
30.8 
30.5 
30.6 
31.0 
31.7 
32.4 
33.1 
33.7 
34.0 
34.0 
33.6 
33.0 
32.4 
32.1 
31.9 
32.1 
32.2 
32.9 
33.3 
33.5 
33.4 
32.9 
32.2 
31.4 
30.5 
30.0 
29.8 
30.1 
30.8 
31.7 
32.5 
33.2 
33.6 
33.8 
33.7 
33.3 
32.7 
32.4 
32.2 
32.3 
32.3 
32.8 
33.2 
33.5 
33.4 
33.1 
32.3 
31.3 
30.3 
29.5 
29.0 
28.9 
29.1 
29.7 
30.4 
31.0 
31.4 
31.6 
31.4 
31.0 
30.4 
29.9 
29.6 
29.5 
30.4 
30.9 
31.5 
32.2 
32.4 
32.3 
31.7 
30.9 
30.0 
29.2 
28.6 
28.3 
28.4 
28.9 
29.5 
30.2 
30.7 
31.1 
31.2 
31.0 
30.4 
30.0 
29.6 
29.4 
29.9 
30.4 
31.0 
31.4 
31.5 
31.4 
31.0 
30.1 
29.3 
28.4 
27.7 
27.2 
27.0 
27.3 
27.6 
28.1 
28.6 
28.8 
28.7 
28.4 
27.8 
27.1 
26.4 
26.3 
26.0 
26.0 
26.2 
26.4 
26.5 
26.4 
26.2 
25.5 
24.9 
23.9 
23.3 
22.8 
22.7 
22.5 
22.8 
23.3 
23.8 
24.3 
24.5 
24.5 
24.5 
24.3 
24.3 
24.3 
24.6 
24.9 
25.5 
26.2 
26.6 
26.9 
26.9 
26.7 
26.5 
26.2 
25.7 
25.6 
25.4 
25.4 
25.5 
25.7 
26.1 
26.2 
26.2 
26.1 
25.8 
25.5 
25.4 
25.2 
25.5 
25.5 
25.6 
25.6 
25.6 
25.5 
25.4 
25.0 
24.4 
23.9 
23.3 
22.8 
22.4 
22.1 
21.9 
21.5 
21.4 
21.2 
21.1 
20.9 
20.6 
20.3 
20.1 
19.9 
20.0 
20.0 
20.0 
20.0 
20.0 
20.1 
20.0 
20.0 
19.9 
19.9 
19.8 
19.7 
19.5 
19.5 
19.4 
19.4 
19.3 
19.2 
19.2 
19.2 
19.2 
19.3 
19.7 
20.2 
20.6 
20.7 
21.4 
21.8 
22.3 
22.7 
23.1 
23.3 
23.3 
23.8 
24.3 
24.7 
25.2 
25.6 
25.7 
25.9 
25.9 
25.8 
25.7 
25.7 
25.6 
25.6 
25.6 
25.9 
26.3 
26.6 
27.0 
27.5 
27.8 
27.8 
27.7 
27.6 
27.7 
28.0 
28.4 
28.9 
29.4 
29.7 
30.0 
30.1 
30.2 
30.1 
29.9 
29.8 
29.8 
29.8 
29.9 
30.1 
30.4 
30.6 
30.8 
30.7 
30.4 
30.2 
29.9 
29.5 
29.3 
29.3 
29.5 
29.7 
30.1 
30.3 
30.5 
30.4 
30.3 
30.0 
29.6 
29.2 
28.9 
28.8 
28.8 
29.0 
29.5 
29.6 
29.7 
29.5 
28.8 
28.3 
27.4 
26.9 
26.5 
26.3 
26.3 
26.5 
26.9 
27.2 
27.4 
27.3 
26.9 
26.5 
25.9 
25.3 
24.8 
24.4 
24.1 
24.3 
24.1 
24.2 
24.3 
24.2 
23.9 
23.4 
22.7 
22.1 
21.7 
21.6 
21.8 
22.5 
23.2 
23.8 
24.1 
24.4 
24.5 
24.4 
24.3 
23.7 
23.5 
23.2 
23.2 
23.3 
23.9 
24.2 
24.3 
24.2 
24.0 
23.4 
22.7 
22.0 
21.8 
21.2 
21.2 
21.7 
22.3 
22.8 
23.2 
23.4 
23.4 
23.1 
22.6 
21.9 
21.4 
21.2 
21.1 
21.2 
21.6 
22.1 
22.4 
22.4 
22.2 
21.8 
21.0 
20.1 
19.3 
18.7 
18.3 
18.3 
18.7 
19.1 
19.5 
19.7 
19.6 
19.3 
18.7 
18.0 
17.3 
16.9 
16.8 
17.1 
17.6 
18.1 
18.5 
18.8 
19.0 
19.0 
18.7 
18.5 
18.1 
18.0 
18.2 
18.9 
19.6 
20.6 
21.6 
22.5 
23.0 
23.5 
23.7 
23.8 
23.7 
23.7 
23.9 
24.5 
26.6 
27.7 
28.5 
29.4 
29.9 
30.0 
29.9 
29.5 
29.2 
28.9 
28.9 
29.0 
29.8 
30.7 
31.9 
32.6 
33.3 
33.6 
33.4 
33.0 
32.3 
32.2 
32.3 
33.0 
33.4 
34.0 
34.3 
34.4 
34.4 
33.9 
33.1 
32.4 
31.8 
31.2 
31.1 
31.2 
31.8 
32.6 
32.9 
33.3 
34.1 
34.5 
34.5 
34.5 
34.4 
34.1 
33.8 
33.8 
34.5 
35.0 
35.7 
36.3 
36.6 
36.6 
36.5 
36.0 
35.2 
34.7 
34.3 
34.2 
34.1 
34.3 
34.7 
35.4 
35.9 
36.3 
36.4 
36.3 
36.2 
35.9 
35.7 
35.6 
35.7 
36.0 
36.5 
36.9 
37.2 
37.2 
37.0 
36.5 
35.8 
35.3 
34.6 
34.2 
34.0 
34.0 
34.3 
34.6 
34.8 
34.9 
34.9 
34.6 
34.4 
34.2 
33.9 
33.8 
33.5 
33.6 
33.8 
34.1 
34.2 
34.3 
34.0 
33.7 
33.0 
32.3 
31.7 
31.0 
30.6 
30.3 
30.3 
30.3 
30.3 
30.4 
30.3 
30.1 
29.9 
29.4 
29.2 
29.1 
28.6 
28.6 
28.7 
28.8 
29.0 
29.0 
28.9 
28.6 
27.6 
27.7 
27.3 
27.1 
26.9 
26.9 
27.0 
27.2 
27.4 
27.5 
27.6 
27.7 
27.7 
27.6 
27.7 
27.9 
28.5 
28.8 
29.2 
29.5 
29.7 
29.9 
29.9 
29.8 
29.5 
29.4 
29.2 
29.0 
28.8 
28.7 
28.6 
28.5 
28.5 
28.6 
28.5 
28.5 
28.5 
28.5 
28.4 
28.4 
28.7 
28.9 
29.1 
29.3 
29.4 
29.5 
29.6 
29.5 
29.5 
29.4 
29.3 
29.2 
29.0 
28.9 
28.8 
28.6 
28.3 
28.0 
27.8 
27.4 
27.3 
27.0 
26.8 
26.7 
26.4 
26.2 
26.1 
25.8 
25.6 
25.2 
24.9 
24.5 
24.2 
24.1 
24.0 
23.9 
23.9 
23.9 
23.7 
23.3 
22.9 
22.5 
22.0 
21.8 
21.6 
21.6 
21.7 
22.0 
22.0 
22.0 
22.0 
21.7 
21.3 
20.9 
20.7 
20.6 
20.7 
20.8 
21.1 
21.3 
21.6 
21.9 
22.0 
21.9 
21.7 
21.3 
20.9 
20.7 
20.6 
20.6 
20.8 
21.0 
22.0 
22.5 
22.7 
22.7 
22.3 
21.9 
21.3 
20.9 
20.3 
20.7 
21.3 
22.0 
22.9 
23.6 
24.0 
24.2 
24.0 
23.8 
23.4 
23.1 
23.0 
23.1 
23.4 
23.9 
24.2 
24.4 
24.5 
24.4 
24.1 
23.5 
22.7 
22.3 
21.9 
22.0 
22.5 
23.2 
23.9 
24.6 
25.1 
25.4 
25.4 
25.0 
24.7 
24.3 
23.9 
23.7 
23.8 
24.2 
24.4 
24.8 
25.0 
25.0 
24.7 
24.1 
23.3 
22.3 
21.5 
20.9 
20.6 
20.7 
21.1 
21.6 
22.1 
9999900.0 
9999900.0 
9999900.0 
9999900.0 
9999900.0 
9999900.0 
9999900.0 
9999900.0 
9999900.0 
9999900.0 
9999900.0 
9999900.0 
9999900.0 
9999900.0 
9999900.0 
9999900.0 
9999900.0 
9999900.0 
9999900.0 
9999900.0 
9999900.0 
9999900.0 
9999900.0 
9999900.0 
22.9 
23.1 
22.9 
22.6 
22.2 
21.9 
21.8 
21.9 
22.2 
22.4 
23.1 
23.5 
23.8 
23.7 
23.2 
22.4 
21.4 
20.3 
19.5 
19.2 
19.2 
19.5 
20.2 
21.2 
22.1 
23.1 
23.6 
23.8 
23.6 
23.3 
23.0 
23.1 
23.6 
25.0 
25.9 
26.7 
27.2 
27.5 
27.4 
26.9 
26.2 
25.2 
24.6 
24.1 
24.6 
24.3 
24.6 
25.2 
25.7 
26.2 
26.5 
26.6 
26.6 
26.4 
26.2 
26.2 
26.4 
27.2 
27.9 
28.5 
29.0 
29.1 
28.9 
28.5 
27.6 
25.9 
25.2 
24.5 
23.9 
23.8 
23.8 
24.0 
24.3 
24.8 
25.0 
25.0 
24.8 
24.5 
24.2 
24.0 
23.9 
24.5 
24.8 
25.3 
25.6 
25.8 
25.7 
25.5 
24.7 
23.2 
22.6 
21.9 
21.5 
21.2 
21.1 
21.2 
21.3 
21.5 
21.5 
21.5 
21.3 
21.1 
20.9 
20.7 
20.6 
20.1 
20.1 
20.5 
20.8 
20.9 
21.0 
20.9 
20.6 
19.9 
19.4 
18.9 
18.5 
18.1 
18.0 
18.1 
18.3 
18.4 
18.6 
18.6 
18.7 
18.7 
18.7 
18.7 
18.7 
19.1 
19.2 
19.4 
19.8 
20.1 
20.2 
20.3 
20.1 
19.7 
19.5 
19.3 
19.0 
18.8 
19.6 
18.7 
18.7 
18.9 
18.9 
19.0 
19.1 
19.1 
19.1 
19.0 
19.1 
19.4 
19.5 
19.6 
19.7 
19.8 
19.8 
19.7 
19.5 
19.1 
18.9 
18.4 
18.1 
17.9 
17.6 
17.8 
17.8 
17.9 
18.0 
18.1 
18.1 
18.1 
18.1 
18.2 
18.2 
18.8 
18.8 
18.7 
18.7 
18.5 
18.4 
18.2 
17.9 
17.2 
16.9 
16.8 
16.7 
16.5 
16.3 
16.1 
15.4 
15.8 
15.6 
15.7 
15.6 
15.7 
15.8 
16.0 
16.2 
16.9 
17.0 
17.0 
17.0 
16.9 
16.8 
16.8 
16.9 
17.0 
17.1 
17.3 
17.6 
17.7 
17.8 
17.8 
17.8 
17.8 
17.5 
17.5 
17.4 
17.3 
17.5 
17.6 
17.9 
18.8 
19.0 
19.0 
18.0 
18.6 
18.2 
17.9 
17.6 
17.0 
17.3 
17.5 
17.9 
18.2 
18.6 
18.7 
18.8 
18.8 
18.7 
18.5 
18.4 
18.5 
18.5 
18.8 
19.1 
19.2 
19.4 
19.5 
19.4 
19.1 
18.7 
18.1 
17.6 
17.0 
17.1 
17.4 
18.2 
18.9 
19.5 
19.9 
20.0 
20.0 
19.7 
19.4 
19.3 
19.1 
19.0 
19.0 
19.1 
9999900.0 
19.0 
19.3 
19.3 
19.0 
18.6 
18.1 
17.6 
17.2 
17.1 
17.2 
17.4 
17.9 
18.3 
18.6 
18.8 
18.7 
18.4 
18.0 
17.6 
17.3 
17.4 
17.5 
17.9 
17.4 
17.7 
17.7 
17.8 
17.6 
17.1 
16.5 
16.0 
15.7 
15.5 
15.6 
15.9 
16.4 
16.9 
17.3 
17.6 
17.4 
16.8 
16.5 
16.4 
16.4 
16.5 
16.7 
17.2 
18.1 
19.7 
20.9 
21.5 
21.8 
21.8 
21.6 
21.6 
21.5 
21.5 
21.8 
22.4 
23.4 
24.6 
26.1 
27.1 
27.6 
28.0 
28.2 
28.3 
28.5 
28.9 
29.7 
30.6 
31.5 
31.8 
32.0 
32.0 
31.9 
31.6 
31.2 
30.5 
29.9 
29.3 
29.0 
29.2 
29.7 
30.2 
30.8 
31.3 
31.3 
31.2 
30.8 
30.3 
29.9 
29.6 
29.6 
29.9 
30.5 
31.0 
31.3 
31.6 
31.5 
31.2 
30.7 
30.1 
29.5 
29.1 
29.0 
29.2 
29.7 
30.4 
31.1 
31.9 
32.6 
32.9 
33.2 
33.2 
33.2 
33.3 
33.5 
34.1 
35.1 
36.1 
36.9 
37.6 
38.0 
38.1 
37.9 
37.5 
37.0 
36.5 
36.3 
36.5 
37.1 
38.2 
39.1 
39.9 
40.6 
41.0 
41.2 
41.2 
41.2 
41.3 
41.5 
41.9 
42.6 
43.3 
44.1 
44.6 
44.9 
45.0 
44.7 
44.2 
43.4 
42.7 
42.0 
41.7 
41.5 
41.7 
42.0 
42.4 
42.5 
42.5 
42.4 
42.2 
41.8 
41.7 
41.6 
41.7 
42.1 
42.5 
42.9 
43.2 
43.3 
43.2 
42.8 
42.2 
41.4 
40.6 
39.8 
39.2 
39.0 
38.9 
39.1 
39.4 
39.5 
39.5 
39.5 
39.4 
39.1 
38.8 
38.6 
38.4 
38.4 
38.5 
38.9 
39.2 
39.4 
39.4 
39.1 
38.6 
37.9 
37.3 
36.7 
36.2 
36.0 
36.0 
36.0 
36.6 
36.9 
37.0 
37.0 
37.0 
36.9 
36.7 
36.7 
36.7 
36.5 
36.7 
37.0 
37.3 
37.5 
37.6 
37.5 
37.3 
36.8 
36.4 
36.0 
35.7 
35.6 
35.5 
35.4 
35.4 
35.5 
35.6 
35.7 
35.7 
35.7 
35.7 
35.6 
35.6 
36.2 
36.2 
36.3 
36.4 
36.4 
36.4 
36.4 
36.3 
36.2 
35.9 
35.6 
35.3 
35.0 
34.7 
34.6 
34.4 
34.3 
34.2 
34.2 
34.0 
34.0 
34.0 
33.9 
33.9 
33.4 
33.2 
33.1 
33.0 
32.8 
32.8 
32.8 
32.9 
32.8 
32.9 
32.6 
32.4 
32.1 
32.0 
31.8 
31.7 
31.5 
31.5 
31.4 
31.3 
31.3 
31.4 
31.4 
31.5 
31.2 
31.0 
30.6 
30.8 
30.4 
30.0 
30.0 
29.7 
29.5 
29.5 
29.4 
29.3 
29.2 
29.0 
28.9 
28.5 
28.2 
27.9 
27.6 
27.4 
27.4 
27.5 
27.7 
28.0 
28.5 
28.4 
28.3 
28.3 
28.2 
28.3 
28.5 
28.8 
29.2 
29.7 
30.3 
30.9 
31.2 
31.7 
31.9 
32.4 
32.3 
32.2 
32.1 
32.1 
32.5 
33.0 
33.6 
34.2 
34.6 
34.9 
35.0 
34.8 
34.5 
34.2 
34.0 
33.9 
33.9 
34.1 
34.4 
34.8 
35.2 
35.5 
35.7 
35.7 
35.5 
35.3 
35.0 
34.7 
34.7 
34.9 
35.3 
35.7 
36.6 
36.8 
36.8 
36.5 
36.0 
35.4 
34.9 
34.4 
34.0 
33.9 
34.0 
34.2 
34.6 
35.0 
35.2 
35.2 
35.1 
34.8 
34.4 
34.2 
34.1 
34.1 
34.5 
34.9 
35.4 
35.7 
35.8 
35.6 
35.1 
35.3 
33.4 
32.5 
31.9 
31.6 
31.6 
31.7 
32.0 
32.2 
32.3 
32.3 
32.0 
31.6 
31.1 
30.7 
30.5 
30.6 
30.8 
31.4 
32.5 
33.1 
33.6 
33.8 
33.9 
33.5 
32.9 
32.3 
31.6 
31.2 
31.0 
31.1 
31.5 
32.0 
32.5 
32.8 
33.0 
32.8 
32.4 
32.2 
31.8 
31.9 
32.0 
32.4 
33.0 
33.4 
33.7 
33.8 
33.6 
33.0 
32.1 
31.1 
29.9 
29.0 
28.7 
28.7 
29.0 
29.6 
30.4 
30.9 
31.1 
31.2 
31.2 
31.0 
31.0 
31.2 
31.5 
32.2 
33.3 
34.1 
34.8 
35.4 
35.7 
35.7 
35.3 
34.6 
33.7 
33.1 
32.5 
32.4 
32.6 
32.8 
33.4 
33.8 
34.0 
34.2 
34.2 
34.1 
33.8 
33.7 
33.7 
34.0 
34.9 
35.6 
36.5 
37.3 
37.9 
38.1 
38.0 
37.4 
36.9 
36.2 
35.5 
35.1 
34.8 
35.0 
35.4 
35.7 
36.1 
36.2 
36.3 
36.1 
36.0 
35.8 
35.8 
35.8 
35.7 
36.1 
36.6 
37.0 
37.4 
37.5 
37.3 
36.8 
36.2 
35.3 
34.5 
34.0 
33.6 
33.6 
33.7 
33.7 
33.9 
33.9 
33.8 
33.5 
33.1 
32.7 
32.4 
32.4 
32.6 
32.9 
33.2 
33.7 
34.0 
34.3 
34.2 
34.2 
33.8 
33.2 
32.6 
32.1 
31.8 
31.7 
31.7 
31.8 
32.0 
32.0 
31.9 
31.8 
31.6 
31.4 
31.2 
31.1 
30.9 
31.2 
31.5 
31.8 
32.0 
32.3 
32.4 
32.3 
32.0 
31.6 
31.2 
30.8 
30.5 
30.4 
30.3 
30.4 
30.5 
30.6 
30.6 
30.7 
30.7 
30.6 
30.5 
30.5 
30.1 
30.0 
30.1 
30.1 
30.3 
30.5 
30.6 
30.5 
30.4 
30.3 
30.0 
29.9 
29.5 
29.2 
29.1 
29.0 
29.1 
29.1 
29.1 
29.2 
29.1 
29.1 
29.1 
29.0 
29.3 
29.2 
29.2 
29.2 
29.2 
29.3 
29.3 
29.4 
29.4 
29.3 
29.2 
29.1 
28.9 
28.9 
28.9 
28.8 
28.7 
28.6 
28.6 
28.7 
28.7 
28.8 
29.0 
29.3 
29.3 
29.3 
29.2 
29.3 
29.4 
29.6 
29.7 
29.8 
29.8 
29.8 
29.7 
29.7 
29.7 
29.5 
29.4 
29.2 
29.0 
28.7 
28.5 
28.4 
28.5 
28.5 
28.6 
28.7 
28.2 
28.3 
28.2 
28.1 
27.9 
27.7 
27.5 
27.5 
27.3 
27.3 
27.3 
27.4 
27.5 
27.5 
27.4 
27.2 
26.9 
26.6 
26.4 
26.2 
26.2 
26.3 
26.5 
26.6 
27.3 
27.3 
27.2 
27.0 
26.6 
26.6 
26.4 
26.3 
26.2 
26.2 
26.2 
26.3 
26.4 
26.4 
26.5 
26.4 
26.0 
25.6 
25.3 
25.0 
24.9 
25.0 
25.2 
25.4 
25.5 
25.6 
25.7 
25.5 
25.3 
25.0 
24.9 
24.8 
24.7 
24.7 
24.9 
25.2 
25.5 
25.7 
25.8 
25.6 
25.4 
25.2 
24.9 
24.8 
24.9 
25.2 
25.6 
26.1 
27.1 
27.3 
27.5 
27.5 
27.2 
26.8 
26.3 
25.8 
25.3 
25.1 
25.2 
25.4 
25.8 
26.1 
26.3 
26.4 
26.3 
26.0 
25.6 
25.4 
25.3 
25.6 
26.0 
26.4 
27.1 
27.5 
27.8 
27.7 
27.5 
27.1 
26.5 
25.9 
25.4 
25.0 
25.0 
25.2 
25.4 
25.8 
26.1 
9999900.0 
9999900.0 
9999900.0 
9999900.0 
9999900.0 
9999900.0 
9999900.0 
9999900.0 
9999900.0 
9999900.0 
9999900.0 
9999900.0 
9999900.0 
9999900.0 
9999900.0 
9999900.0 
9999900.0 
9999900.0 
9999900.0 
9999900.0 
9999900.0 
9999900.0 
9999900.0 
9999900.0 
23.3 
23.4 
23.3 
23.3 
23.3 
23.5 
23.6 
24.1 
24.8 
25.8 
26.4 
26.8 
26.9 
26.6 
26.1 
25.3 
24.3 
23.4 
22.6 
22.2 
22.2 
22.4 
22.8 
23.3 
23.6 
23.7 
23.6 
23.2 
23.1 
22.9 
22.9 
23.2 
23.6 
23.6 
24.1 
24.5 
24.9 
25.0 
24.6 
23.9 
23.0 
21.8 
20.9 
20.4 
20.2 
20.3 
20.5 
20.8 
21.1 
21.2 
21.2 
21.0 
20.8 
20.6 
20.4 
20.5 
20.8 
21.8 
22.4 
23.0 
23.4 
23.7 
23.6 
23.3 
22.8 
22.0 
21.3 
20.8 
20.6 
20.7 
20.9 
21.4 
21.7 
22.0 
22.1 
22.1 
21.7 
21.4 
21.2 
21.1 
21.3 
22.1 
22.7 
23.4 
24.1 
24.6 
24.8 
24.7 
24.4 
23.8 
23.3 
22.8 
22.5 
22.5 
22.6 
22.9 
23.2 
23.4 
23.5 
23.4 
23.1 
22.9 
22.6 
22.5 
22.6 
22.2 
22.6 
23.2 
23.8 
24.3 
24.7 
24.8 
24.8 
24.6 
24.1 
23.7 
23.5 
23.3 
23.2 
23.1 
23.2 
23.4 
23.6 
23.7 
23.6 
23.6 
23.4 
23.4 
23.3 
23.0 
23.3 
23.6 
24.0 
24.4 
24.7 
24.9 
24.8 
24.4 
23.9 
23.3 
22.9 
22.5 
22.2 
22.0 
21.9 
21.9 
21.9 
22.0 
21.9 
21.7 
21.5 
21.4 
21.3 
21.8 
21.9 
22.0 
22.2 
22.6 
22.9 
23.0 
23.1 
23.0 
22.5 
22.1 
21.7 
21.4 
21.1 
21.0 
20.9 
21.0 
21.0 
21.2 
21.3 
21.4 
21.6 
21.6 
21.5 
21.3 
21.1 
20.9 
21.0 
21.0 
21.2 
21.2 
21.2 
21.2 
21.2 
21.0 
20.9 
20.8 
20.7 
20.6 
20.5 
20.5 
20.6 
20.7 
20.9 
21.1 
21.4 
21.6 
21.8 
22.6 
22.5 
22.4 
22.3 
22.1 
22.0 
21.9 
21.9 
22.0 
22.1 
22.1 
22.2 
22.2 
22.1 
22.1 
22.0 
21.9 
21.9 
22.1 
22.4 
22.6 
22.1 
22.4 
23.6 
23.8 
23.6 
23.2 
22.8 
22.4 
22.1 
21.9 
21.7 
21.4 
21.4 
21.3 
21.3 
21.3 
21.3 
21.2 
21.1 
21.0 
20.8 
20.6 
20.7 
20.8 
21.0 
21.5 
21.8 
22.5 
22.5 
22.4 
22.0 
21.7 
21.3 
21.0 
20.9 
20.8 
20.7 
20.7 
20.9 
21.0 
21.1 
21.2 
21.4 
21.2 
20.9 
20.8 
20.8 
21.0 
21.5 
22.1 
22.6 
22.8 
23.1 
23.1 
23.0 
22.9 
22.5 
22.2 
21.9 
21.5 
21.4 
21.5 
21.7 
22.1 
22.4 
22.6 
22.5 
22.3 
21.9 
21.8 
21.6 
21.7 
22.0 
22.4 
23.0 
24.0 
24.3 
24.4 
24.4 
24.0 
23.3 
22.5 
21.8 
21.2 
21.0 
20.8 
21.0 
21.4 
21.7 
22.0 
22.0 
21.8 
21.5 
21.1 
20.9 
20.9 
21.2 
21.8 
22.5 
23.4 
24.0 
24.4 
24.6 
24.5 
24.1 
23.5 
22.9 
22.2 
21.8 
21.6 
21.7 
21.9 
22.2 
22.6 
22.9 
22.8 
22.5 
22.2 
21.9 
21.6 
21.8 
22.0 
22.6 
23.5 
24.1 
24.5 
24.7 
24.7 
24.3 
23.6 
22.9 
22.2 
21.3 
20.9 
20.8 
20.9 
21.2 
21.6 
21.9 
22.0 
21.9 
21.7 
21.3 
21.1 
21.1 
21.3 
21.7 
22.2 
22.7 
23.2 
23.5 
23.5 
23.2 
22.6 
22.0 
20.6 
20.2 
19.6 
19.4 
19.4 
19.6 
20.0 
20.2 
20.4 
20.5 
20.4 
20.1 
19.9 
19.7 
19.7 
19.8 
20.2 
20.6 
21.1 
21.4 
21.5 
21.2 
20.8 
20.1 
19.3 
18.3 
17.5 
17.1 
17.2 
17.3 
17.6 
18.0 
18.3 
18.4 
18.4 
18.2 
17.9 
17.6 
17.6 
17.6 
17.7 
18.3 
18.8 
19.5 
20.0 
20.4 
20.6 
20.5 
20.2 
19.8 
19.2 
18.6 
18.2 
18.0 
18.2 
18.4 
18.6 
18.6 
18.6 
18.5 
18.2 
17.8 
17.6 
17.6 
17.9 
18.2 
18.6 
19.0 
19.3 
19.5 
19.3 
18.9 
18.1 
17.3 
16.6 
16.1 
15.8 
15.7 
15.8 
16.0 
16.2 
16.4 
16.4 
16.4 
16.2 
16.0 
15.8 
15.6 
15.9 
16.0 
16.2 
16.6 
16.9 
17.3 
17.6 
17.7 
17.5 
17.1 
16.5 
16.0 
15.6 
15.4 
15.4 
15.5 
15.7 
15.9 
15.9 
15.8 
15.7 
15.6 
15.4 
15.2 
15.0 
15.0 
14.9 
15.1 
15.3 
15.5 
15.5 
15.3 
14.9 
14.6 
14.4 
14.4 
14.4 
14.4 
14.6 
14.7 
15.0 
15.2 
15.1 
15.0 
15.2 
15.2 
15.2 
15.0 
15.1 
15.1 
15.2 
15.5 
15.8 
16.0 
16.1 
16.2 
16.3 
16.1 
16.0 
15.8 
15.6 
15.4 
15.4 
15.4 
15.5 
15.6 
15.7 
15.8 
15.8 
15.7 
15.6 
15.6 
15.6 
15.4 
15.4 
15.4 
15.4 
15.5 
15.6 
15.6 
15.5 
15.3 
15.2 
14.9 
14.7 
14.4 
14.2 
14.0 
13.9 
13.8 
13.8 
13.6 
13.7 
13.6 
13.5 
13.4 
12.9 
12.8 
12.6 
12.5 
12.4 
12.4 
12.4 
12.5 
12.6 
12.5 
12.4 
12.4 
12.3 
12.2 
12.0 
11.8 
11.6 
11.6 
11.7 
11.8 
11.9 
12.0 
12.0 
12.2 
12.6 
12.6 
12.4 
12.1 
12.0 
12.0 
12.0 
12.1 
12.3 
12.4 
12.5 
12.6 
12.6 
12.6 
12.5 
12.4 
12.3 
12.2 
12.3 
12.4 
12.5 
12.8 
13.1 
13.4 
14.0 
14.2 
14.4 
14.5 
14.4 
14.3 
14.1 
14.0 
13.9 
14.0 
14.2 
14.6 
15.0 
15.5 
15.8 
15.9 
16.0 
16.0 
16.0 
16.3 
16.5 
16.9 
17.4 
18.0 
19.1 
19.3 
19.3 
19.2 
18.8 
18.4 
17.9 
17.4 
17.0 
16.8 
16.7 
16.8 
17.0 
17.3 
17.4 
17.4 
17.3 
17.2 
17.1 
17.1 
17.2 
17.6 
18.0 
18.6 
18.6 
19.0 
19.2 
19.1 
18.9 
18.6 
18.4 
18.0 
17.8 
17.5 
17.3 
17.3 
17.5 
17.8 
18.0 
18.2 
18.2 
18.0 
17.9 
17.8 
17.8 
18.0 
18.5 
19.1 
20.3 
20.7 
20.9 
20.9 
20.6 
20.1 
19.5 
18.7 
18.0 
17.6 
17.5 
17.1 
18.4 
18.9 
19.2 
19.4 
19.5 
19.5 
19.4 
19.2 
19.2 
19.3 
19.7 
20.3 
21.3 
21.9 
22.4 
22.7 
22.7 
22.4 
21.9 
21.3 
21.0 
20.0 
19.6 
19.7 
19.9 
20.4 
20.7 
21.1 
21.3 
21.2 
21.0 
20.9 
20.7 
20.7 
21.0 
21.5 
22.1 
22.7 
23.2 
23.6 
23.7 
23.5 
23.0 
22.2 
21.3 
20.3 
19.7 
19.5 
19.6 
20.0 
20.4 
21.3 
21.5 
21.5 
21.5 
21.3 
21.1 
21.0 
21.2 
21.6 
22.0 
22.7 
23.5 
24.1 
24.4 
24.3 
23.9 
23.1 
22.2 
21.3 
20.7 
20.3 
20.4 
20.6 
21.0 
21.5 
21.8 
21.9 
21.7 
21.5 
21.2 
21.0 
21.0 
21.1 
22.5 
23.1 
23.8 
24.5 
25.2 
25.1 
24.9 
24.5 
23.7 
22.9 
22.2 
21.8 
21.7 
21.8 
22.2 
22.6 
23.0 
23.2 
23.1 
22.9 
22.6 
22.3 
22.1 
22.2 
22.3 
22.9 
23.4 
24.0 
24.6 
25.0 
25.0 
24.8 
24.3 
23.6 
23.0 
22.4 
22.0 
21.9 
22.1 
22.4 
22.6 
22.8 
23.0 
23.0 
22.8 
22.4 
22.1 
22.0 
21.6 
21.8 
22.4 
23.0 
23.7 
24.1 
24.1 
23.9 
23.5 
23.0 
22.2 
21.6 
21.3 
21.1 
21.3 
21.7 
21.9 
22.1 
22.3 
22.3 
22.3 
22.1 
22.0 
21.9 
21.4 
21.4 
21.6 
22.0 
22.3 
22.6 
22.9 
23.0 
22.9 
22.5 
22.2 
21.8 
21.5 
21.3 
21.3 
21.5 
21.7 
21.9 
22.3 
22.5 
22.8 
22.8 
22.7 
22.6 
22.0 
21.8 
21.7 
21.8 
21.9 
22.0 
22.1 
22.1 
22.1 
21.8 
21.5 
21.2 
21.0 
20.9 
20.9 
20.9 
21.0 
21.2 
21.6 
21.8 
22.1 
22.1 
22.2 
22.1 
22.6 
22.3 
22.2 
22.0 
22.0 
21.9 
21.8 
21.8 
21.8 
21.6 
21.5 
21.4 
21.3 
21.2 
21.3 
21.5 
21.5 
21.8 
22.0 
22.2 
22.6 
22.8 
23.1 
23.2 
22.8 
22.7 
22.4 
22.1 
22.0 
21.9 
21.8 
21.7 
21.6 
21.6 
21.6 
21.7 
21.8 
21.8 
22.0 
22.0 
22.2 
22.3 
22.4 
22.8 
23.3 
23.9 
24.5 
25.0 
25.0 
25.2 
25.1 
24.9 
24.6 
24.3 
23.9 
23.8 
24.0 
24.2 
24.4 
24.6 
24.9 
25.0 
25.0 
25.1 
25.0 
25.0 
25.0 
25.2 
25.5 
25.9 
26.3 
26.9 
27.5 
27.5 
27.5 
27.2 
27.0 
26.5 
25.9 
25.4 
25.0 
24.8 
24.7 
24.8 
24.9 
25.1 
25.1 
25.1 
25.0 
24.8 
24.7 
24.6 
24.8 
25.2 
25.6 
26.1 
27.1 
27.4 
27.5 
27.3 
26.8 
26.2 
25.6 
25.0 
24.3 
24.0 
23.7 
23.7 
23.8 
24.1 
24.4 
24.3 
24.1 
23.9 
23.5 
23.3 
23.3 
23.4 
23.7 
24.1 
25.0 
25.4 
25.6 
25.4 
24.9 
24.3 
23.6 
22.8 
22.4 
22.1 
22.0 
22.2 
22.4 
22.8 
23.0 
23.1 
23.0 
22.8 
22.5 
22.2 
22.3 
22.5 
22.9 
23.4 
23.5 
24.1 
24.6 
24.9 
24.9 
24.8 
24.7 
24.4 
24.3 
23.9 
23.9 
24.0 
24.2 
24.5 
25.0 
25.5 
25.9 
26.1 
25.8 
25.3 
25.6 
25.7 
26.0 
26.5 
27.4 
28.2 
29.1 
29.9 
30.3 
30.4 
30.2 
29.8 
29.3 
28.9 
28.4 
28.2 
28.3 
28.5 
28.9 
29.1 
29.3 
29.2 
29.0 
28.6 
28.2 
27.9 
27.8 
28.0 
28.8 
29.4 
30.1 
30.6 
30.7 
30.6 
30.3 
29.8 
29.2 
28.5 
28.0 
27.6 
27.7 
28.1 
28.5 
28.7 
29.2 
29.3 
29.3 
29.1 
28.9 
28.7 
28.7 
28.7 
29.2 
29.6 
30.1 
30.6 
30.9 
30.9 
30.7 
30.3 
29.4 
28.8 
28.3 
28.0 
27.9 
28.0 
28.4 
28.9 
29.4 
29.6 
29.6 
29.5 
29.3 
29.1 
29.0 
28.9 
28.9 
29.1 
29.5 
29.9 
30.2 
30.4 
30.4 
30.1 
29.4 
28.7 
28.2 
27.8 
27.4 
27.4 
27.6 
27.8 
28.1 
28.3 
28.5 
28.4 
28.2 
27.9 
27.6 
27.4 
27.3 
27.4 
27.6 
27.8 
28.1 
28.2 
28.2 
28.0 
27.4 
26.6 
26.2 
25.6 
25.3 
25.3 
25.5 
25.8 
26.2 
26.6 
26.9 
26.9 
26.8 
26.5 
26.3 
26.0 
26.2 
26.2 
26.2 
26.5 
26.8 
27.0 
27.1 
27.0 
26.7 
26.2 
25.9 
25.4 
25.3 
25.4 
25.6 
26.0 
26.4 
26.6 
27.0 
27.2 
27.2 
27.1 
27.1 
27.0 
26.6 
26.7 
26.9 
27.2 
27.6 
28.0 
28.2 
28.2 
28.0 
27.7 
27.4 
27.2 
27.1 
27.2 
27.4 
27.7 
28.1 
28.5 
28.9 
29.2 
29.2 
29.3 
29.2 
29.2 
29.6 
29.6 
29.5 
29.6 
29.7 
29.9 
30.0 
29.9 
29.7 
29.3 
29.1 
29.0 
28.8 
28.8 
29.0 
29.3 
29.6 
29.8 
30.1 
30.2 
30.2 
30.1 
30.0 
30.0 
29.9 
29.8 
29.8 
30.2 
30.4 
30.5 
30.5 
30.4 
30.0 
29.8 
29.6 
29.5 
29.5 
29.5 
29.5 
29.6 
29.7 
29.8 
29.8 
29.9 
30.0 
30.2 
30.3 
30.5 
30.2 
30.1 
30.0 
29.9 
29.6 
29.4 
29.3 
29.2 
29.1 
28.7 
28.6 
28.4 
28.4 
28.3 
28.5 
28.5 
28.5 
28.7 
29.0 
29.2 
29.5 
29.8 
30.0 
30.2 
30.7 
30.7 
30.6 
30.3 
30.1 
29.7 
29.4 
29.0 
28.5 
28.6 
28.6 
28.5 
28.6 
28.6 
28.7 
29.0 
29.1 
29.4 
29.6 
30.1 
30.5 
30.8 
31.2 
31.7 
32.1 
32.1 
32.0 
31.8 
31.4 
31.1 
30.7 
30.3 
29.8 
29.7 
29.6 
29.6 
29.8 
29.9 
30.1 
9999900.0 
9999900.0 
9999900.0 
9999900.0 
9999900.0 
9999900.0 
9999900.0 
9999900.0 
9999900.0 
9999900.0 
9999900.0 
9999900.0 
9999900.0 
9999900.0 
9999900.0 
9999900.0 
9999900.0 
9999900.0 
9999900.0 
9999900.0 
9999900.0 
9999900.0 
9999900.0 
9999900.0 
31.2 
31.3 
31.3 
31.2 
31.0 
31.2 
31.4 
31.8 
32.3 
33.2 
33.7 
33.9 
33.9 
33.6 
33.1 
32.5 
31.7 
31.0 
30.5 
30.2 
30.2 
30.3 
30.5 
30.7 
30.8 
30.7 
30.6 
30.3 
30.1 
30.0 
30.2 
30.6 
31.1 
32.0 
32.6 
33.0 
33.2 
33.1 
32.7 
32.1 
31.2 
30.4 
29.8 
29.4 
29.3 
29.3 
29.7 
30.0 
30.1 
30.3 
30.0 
29.7 
29.5 
29.4 
29.4 
29.7 
30.2 
30.2 
30.8 
31.4 
31.8 
31.8 
31.6 
31.0 
30.3 
29.1 
28.4 
27.9 
27.8 
27.8 
28.2 
28.7 
29.1 
29.3 
29.3 
29.1 
28.8 
28.4 
28.3 
28.3 
28.7 
29.9 
30.7 
31.4 
32.0 
32.2 
32.1 
31.7 
31.0 
30.1 
29.4 
28.8 
28.4 
28.6 
29.1 
29.6 
30.1 
30.4 
30.5 
30.4 
30.1 
29.8 
29.5 
29.3 
29.6 
29.6 
30.2 
31.0 
31.6 
32.0 
32.2 
32.0 
31.5 
30.5 
29.9 
29.2 
28.7 
28.6 
28.8 
29.3 
29.8 
30.3 
30.5 
30.5 
30.4 
30.0 
29.6 
29.3 
29.3 
29.8 
30.3 
31.0 
31.6 
32.1 
32.4 
32.4 
32.0 
31.5 
30.7 
30.0 
29.4 
29.2 
29.3 
29.7 
30.1 
30.5 
30.9 
31.0 
31.0 
30.8 
30.4 
30.0 
29.9 
29.9 
30.1 
30.6 
31.2 
31.7 
32.1 
32.2 
32.1 
31.6 
31.1 
30.4 
29.8 
29.4 
29.3 
29.5 
30.0 
30.5 
31.0 
31.4 
31.5 
31.4 
31.1 
30.7 
30.4 
30.5 
30.4 
30.6 
30.9 
31.1 
31.4 
31.4 
31.2 
30.9 
31.0 
30.1 
29.6 
29.3 
29.3 
29.5 
29.9 
30.4 
30.9 
31.4 
31.9 
32.1 
32.1 
31.8 
31.4 
31.4 
31.2 
31.3 
31.4 
31.6 
31.7 
31.8 
31.8 
31.5 
31.3 
31.0 
30.7 
30.4 
30.3 
30.3 
30.6 
31.0 
31.3 
31.7 
32.0 
32.2 
32.3 
32.3 
32.2 
31.7 
31.5 
31.2 
31.0 
30.9 
30.8 
30.6 
30.4 
30.1 
29.8 
29.6 
29.4 
29.3 
29.3 
29.3 
29.5 
29.7 
30.1 
30.4 
30.8 
31.2 
31.4 
31.7 
32.1 
31.8 
31.4 
31.1 
30.8 
30.5 
30.3 
30.1 
29.9 
29.4 
29.3 
29.2 
29.1 
29.1 
29.2 
29.2 
29.2 
29.3 
29.5 
29.7 
29.9 
30.3 
30.9 
31.7 
32.2 
32.0 
31.8 
31.7 
31.6 
31.4 
31.1 
30.7 
30.3 
30.0 
29.8 
29.7 
29.7 
29.7 
29.8 
29.9 
30.0 
30.1 
30.2 
30.2 
30.4 
30.7 
31.0 
31.7 
32.5 
32.9 
32.8 
33.0 
33.0 
32.7 
32.3 
31.8 
31.3 
30.8 
30.6 
30.5 
30.5 
30.6 
30.8 
31.0 
31.0 
30.9 
30.9 
30.9 
30.9 
31.1 
31.3 
31.8 
32.5 
33.2 
33.5 
33.7 
33.6 
33.3 
33.0 
32.5 
31.9 
31.2 
30.8 
30.6 
30.6 
30.8 
31.1 
32.5 
31.7 
31.8 
31.8 
31.8 
31.8 
31.8 
31.9 
32.5 
33.1 
34.1 
34.5 
34.9 
35.0 
34.9 
34.5 
33.8 
33.1 
32.4 
32.0 
31.7 
31.8 
32.0 
32.4 
32.8 
33.0 
33.1 
33.0 
32.8 
32.7 
32.6 
32.6 
33.0 
33.4 
34.5 
35.1 
35.5 
35.8 
35.7 
35.3 
34.8 
34.2 
33.4 
33.2 
33.0 
33.2 
33.6 
34.1 
34.6 
35.0 
35.1 
35.0 
34.8 
34.5 
34.3 
34.1 
34.2 
34.5 
34.8 
35.5 
36.1 
36.5 
36.6 
36.4 
36.0 
35.5 
34.8 
34.2 
33.9 
33.9 
34.1 
34.5 
34.8 
35.2 
35.3 
35.3 
35.0 
34.7 
34.3 
34.1 
34.1 
34.4 
35.4 
35.9 
36.5 
36.9 
37.2 
37.2 
37.0 
36.6 
36.1 
35.7 
35.5 
35.4 
35.7 
36.0 
36.5 
36.8 
37.0 
37.0 
36.8 
36.4 
36.0 
35.7 
35.6 
35.7 
35.9 
36.4 
37.2 
37.7 
38.1 
38.2 
38.1 
37.8 
37.3 
36.8 
36.3 
36.2 
36.2 
36.5 
36.8 
37.1 
37.5 
37.5 
37.2 
37.0 
36.6 
36.2 
35.9 
35.9 
36.6 
37.0 
37.6 
38.1 
38.3 
38.4 
38.2 
37.8 
37.2 
36.5 
36.0 
35.7 
35.7 
35.9 
36.3 
36.7 
37.0 
37.2 
37.1 
36.8 
36.3 
35.9 
35.6 
35.6 
36.0 
36.4 
36.8 
37.3 
37.5 
37.5 
37.4 
37.0 
36.4 
35.8 
35.2 
34.8 
34.6 
34.8 
35.1 
35.6 
35.9 
36.2 
36.2 
36.1 
35.8 
35.4 
35.0 
34.7 
34.6 
34.6 
34.7 
35.0 
35.1 
35.2 
35.0 
34.7 
34.1 
33.6 
33.1 
32.8 
32.8 
32.9 
33.2 
33.6 
34.0 
34.2 
34.2 
34.1 
33.8 
33.4 
33.0 
32.6 
32.8 
32.7 
32.9 
33.1 
33.2 
33.3 
33.3 
33.0 
32.6 
32.2 
31.7 
31.5 
31.4 
31.4 
31.6 
31.9 
32.1 
32.3 
32.2 
32.1 
31.9 
31.7 
31.5 
31.4 
30.9 
30.8 
30.8 
30.9 
31.2 
31.5 
31.7 
31.8 
31.8 
31.6 
31.4 
31.3 
31.3 
31.5 
31.8 
32.2 
32.6 
32.9 
33.1 
33.3 
33.2 
33.2 
33.3 
33.2 
32.8 
32.6 
32.6 
32.6 
32.6 
32.4 
32.3 
32.1 
31.8 
31.6 
31.3 
31.1 
31.0 
31.1 
31.2 
31.4 
31.6 
32.0 
32.2 
32.3 
32.4 
32.4 
32.4 
32.3 
32.4 
32.4 
32.1 
32.0 
31.9 
31.7 
31.6 
31.3 
31.0 
30.9 
30.6 
30.3 
30.2 
30.2 
30.3 
30.3 
30.4 
30.6 
30.8 
31.0 
31.1 
31.2 
31.4 
31.4 
31.9 
31.7 
31.5 
31.3 
31.1 
30.7 
30.4 
30.0 
29.7 
29.6 
29.5 
29.4 
29.4 
29.4 
29.5 
29.6 
29.9 
30.1 
30.0 
30.2 
30.3 
30.5 
30.8 
30.9 
31.0 
31.1 
31.1 
31.1 
30.8 
30.5 
30.4 
30.2 
30.0 
30.1 
30.1 
30.2 
30.3 
30.6 
30.8 
30.8 
31.0 
31.1 
31.3 
31.6 
31.8 
32.1 
32.4 
33.0 
33.1 
33.5 
33.7 
33.8 
33.6 
33.0 
32.4 
32.0 
31.6 
31.3 
31.3 
31.3 
31.5 
31.7 
31.8 
31.8 
31.8 
31.5 
31.4 
31.3 
31.4 
31.7 
32.2 
32.6 
33.3 
33.7 
33.9 
33.8 
33.6 
33.2 
32.8 
32.1 
31.7 
31.4 
31.3 
31.3 
31.4 
31.7 
31.8 
31.8 
31.7 
31.4 
31.2 
31.3 
31.3 
31.7 
32.1 
32.5 
33.4 
34.0 
34.3 
34.3 
34.1 
33.9 
33.5 
33.0 
32.6 
32.3 
32.4 
32.7 
33.2 
33.7 
34.1 
34.3 
34.3 
34.2 
34.0 
34.0 
34.0 
34.3 
34.8 
35.6 
36.5 
37.2 
37.8 
38.2 
38.2 
37.9 
37.3 
36.5 
35.5 
35.3 
35.1 
35.3 
35.7 
36.3 
36.8 
37.1 
37.1 
37.0 
36.7 
36.2 
35.7 
35.4 
35.5 
35.8 
36.1 
36.7 
37.2 
37.6 
37.6 
37.4 
36.8 
36.1 
35.3 
34.8 
34.4 
34.4 
34.7 
35.1 
35.5 
35.9 
36.0 
35.9 
35.6 
36.1 
35.5 
34.1 
33.9 
33.9 
34.6 
35.3 
35.9 
36.3 
36.5 
36.5 
36.0 
35.4 
34.6 
34.1 
33.8 
33.8 
34.2 
34.8 
35.5 
36.3 
36.8 
37.1 
37.0 
36.7 
36.4 
36.2 
36.1 
36.2 
36.1 
36.7 
37.4 
38.1 
38.7 
39.0 
39.0 
38.9 
38.7 
38.4 
38.2 
38.3 
38.8 
39.5 
40.4 
41.3 
42.0 
42.6 
42.9 
42.9 
42.6 
42.3 
41.9 
41.8 
42.1 
42.4 
43.1 
43.7 
44.2 
44.6 
44.7 
44.5 
44.2 
43.9 
43.6 
43.4 
43.5 
43.9 
44.4 
45.1 
45.7 
46.1 
46.4 
46.4 
46.3 
45.9 
45.5 
44.9 
45.7 
45.6 
45.7 
45.9 
46.1 
46.1 
46.0 
45.7 
45.3 
44.8 
44.3 
43.8 
43.7 
43.7 
44.0 
44.4 
44.9 
45.4 
45.7 
45.8 
45.8 
45.5 
45.2 
44.9 
44.3 
44.2 
44.1 
44.2 
44.3 
44.3 
44.3 
44.2 
43.8 
43.6 
43.2 
43.0 
42.9 
43.0 
43.3 
43.7 
44.2 
44.8 
45.2 
45.5 
45.6 
45.5 
45.3 
45.2 
45.3 
45.2 
45.2 
45.2 
45.1 
45.1 
45.1 
45.0 
45.0 
44.9 
44.7 
44.7 
44.7 
44.8 
44.9 
45.1 
45.4 
45.7 
46.0 
46.3 
46.5 
46.5 
46.5 
46.4 
46.3 
46.1 
46.0 
45.8 
45.7 
45.5 
45.3 
45.1 
45.0 
44.9 
44.8 
44.7 
44.8 
44.9 
45.0 
45.2 
45.3 
45.5 
45.7 
46.0 
46.2 
46.4 
46.6 
46.6 
47.0 
47.0 
46.9 
46.5 
46.2 
45.7 
45.3 
44.9 
44.6 
44.4 
44.4 
44.3 
44.5 
44.7 
44.7 
44.8 
44.8 
44.9 
45.0 
45.1 
45.3 
45.6 
46.0 
46.4 
46.4 
46.5 
46.5 
46.3 
46.0 
45.4 
44.8 
44.3 
43.8 
43.6 
43.6 
43.7 
43.8 
44.0 
44.2 
44.3 
44.3 
44.3 
44.3 
44.3 
44.4 
44.7 
45.1 
45.5 
46.3 
46.6 
46.6 
46.5 
46.1 
45.5 
45.0 
44.4 
43.9 
43.6 
43.4 
43.6 
43.8 
44.0 
44.2 
44.2 
44.1 
44.0 
43.7 
43.5 
43.4 
43.4 
43.7 
44.1 
44.4 
44.8 
45.0 
45.0 
44.9 
44.5 
44.1 
43.6 
43.1 
42.9 
42.9 
43.1 
43.4 
43.8 
44.1 
44.3 
44.2 
43.9 
43.6 
43.6 
43.5 
43.8 
44.0 
44.3 
45.5 
46.0 
46.4 
46.5 
46.4 
46.0 
45.6 
45.2 
44.6 
44.3 
44.3 
44.5 
45.0 
45.5 
45.8 
45.9 
46.0 
45.9 
45.7 
45.3 
44.9 
44.6 
44.6 
45.0 
46.0 
46.5 
46.9 
47.2 
47.2 
47.0 
46.5 
45.9 
45.3 
44.7 
44.5 
44.4 
44.6 
44.9 
45.3 
45.5 
45.6 
45.4 
45.0 
44.5 
44.0 
43.5 
43.3 
43.4 
44.0 
44.5 
45.0 
45.4 
45.5 
45.2 
44.9 
44.4 
43.7 
43.3 
43.0 
42.9 
43.1 
43.5 
43.9 
44.1 
44.3 
44.2 
43.7 
43.4 
42.9 
42.4 
42.3 
42.2 
43.3 
43.8 
44.3 
44.6 
44.7 
44.8 
44.5 
44.1 
43.6 
43.4 
43.2 
43.2 
43.4 
43.8 
44.2 
44.6 
44.9 
44.9 
44.8 
44.6 
44.1 
43.7 
43.4 
43.4 
43.3 
43.8 
44.3 
44.9 
45.1 
45.1 
44.9 
44.4 
43.9 
43.5 
43.1 
43.0 
43.1 
43.4 
43.9 
44.1 
44.3 
44.2 
43.8 
43.4 
42.9 
42.5 
42.3 
42.2 
43.3 
43.6 
44.1 
44.5 
44.7 
44.8 
44.6 
44.1 
43.6 
43.1 
42.5 
42.4 
42.4 
42.7 
43.2 
43.6 
44.1 
44.4 
44.4 
44.2 
43.8 
43.4 
43.0 
42.8 
43.3 
43.2 
43.8 
44.3 
44.5 
44.7 
44.7 
44.5 
44.2 
44.0 
43.7 
43.6 
43.8 
44.4 
45.0 
45.7 
46.2 
46.5 
46.4 
46.4 
46.1 
45.6 
45.3 
45.1 
45.3 
45.3 
45.4 
45.4 
45.4 
45.4 
45.2 
44.7 
44.2 
43.7 
43.3 
43.2 
43.3 
43.6 
44.0 
44.4 
44.7 
45.0 
45.1 
44.9 
44.6 
44.2 
43.7 
43.4 
43.2 
43.1 
43.1 
43.2 
43.1 
43.1 
43.0 
42.7 
42.4 
42.1 
41.8 
41.7 
41.7 
41.8 
42.0 
42.5 
42.8 
43.1 
43.4 
43.5 
43.5 
43.3 
43.1 
43.0 
42.5 
42.5 
42.5 
42.6 
42.7 
42.7 
42.7 
42.7 
42.7 
42.6 
42.5 
42.6 
42.8 
43.0 
43.2 
43.7 
44.1 
44.6 
44.9 
45.1 
45.2 
45.2 
45.1 
45.0 
45.2 
45.1 
45.0 
44.9 
44.6 
44.4 
44.1 
44.0 
43.9 
44.0 
43.9 
44.1 
44.3 
44.6 
44.9 
45.1 
45.4 
45.8 
46.1 
46.2 
46.4 
46.5 
46.6 
46.6 
46.9 
46.9 
46.8 
46.7 
46.5 
46.2 
45.9 
45.5 
45.4 
45.4 
45.5 
45.8 
46.1 
46.4 
46.8 
47.0 
47.3 
47.5 
47.8 
48.1 
48.3 
48.6 
48.9 
49.1 
48.8 
48.9 
48.8 
48.6 
48.3 
47.9 
47.2 
46.9 
46.5 
46.3 
46.3 
46.3 
46.5 
46.7 
46.8 
46.9 
47.0 
47.0 
47.1 
47.3 
47.6 
47.8 
48.3 
48.7 
49.3 
49.5 
49.6 
49.2 
49.1 
48.7 
48.1 
47.7 
47.3 
47.2 
47.2 
47.4 
47.7 
47.9 
48.1 
48.0 
48.2 
48.1 
48.1 
48.0 
48.0 
48.2 
48.5 
48.9 
49.6 
50.0 
50.1 
50.0 
49.5 
49.1 
48.4 
47.7 
47.1 
46.8 
46.7 
46.8 
47.0 
47.3 
47.5 
47.6 
47.5 
47.2 
47.0 
46.8 
46.6 
46.8 
47.1 
47.7 
48.5 
49.2 
49.6 
49.8 
49.6 
49.2 
48.6 
47.9 
47.3 
47.0 
46.9 
47.1 
47.5 
48.0 
48.3 
48.5 
48.5 
48.2 
47.9 
47.5 
47.1 
47.1 
47.2 
47.9 
49.0 
49.7 
50.2 
50.3 
50.3 
49.8 
49.2 
48.5 
47.9 
47.5 
47.3 
47.4 
47.8 
48.3 
48.7 
49.0 
49.1 
48.9 
48.6 
48.2 
47.7 
47.3 
47.2 
47.7 
48.6 
49.3 
49.9 
50.2 
50.3 
50.0 
49.5 
48.7 
48.1 
47.7 
47.5 
48.3 
48.7 
49.0 
49.5 
50.0 
50.1 
49.9 
49.6 
49.0 
48.3 
48.0 
47.8 
47.8 
48.3 
48.3 
49.6 
50.0 
50.1 
49.9 
49.4 
48.7 
48.2 
47.8 
47.5 
47.6 
48.1 
48.7 
49.3 
49.9 
50.2 
50.1 
49.6 
49.2 
48.5 
47.8 
47.4 
47.4 
48.1 
48.4 
48.9 
49.2 
49.3 
49.1 
48.7 
48.2 
47.5 
47.0 
46.9 
46.0 
46.4 
47.2 
48.0 
49.8 
50.7 
51.1 
51.4 
51.1 
51.1 
50.7 
50.4 
50.3 
50.5 
50.9 
51.3 
51.8 
52.0 
51.9 
51.7 
51.2 
50.6 
50.2 
49.9 
49.9 
50.2 
50.6 
51.2 
51.9 
52.6 
52.9 
53.1 
52.9 
52.5 
52.0 
51.5 
51.1 
50.6 
50.5 
50.6 
50.5 
50.5 
50.3 
50.1 
49.8 
49.5 
49.2 
48.9 
48.9 
49.1 
49.6 
50.2 
50.8 
51.5 
52.0 
52.3 
52.4 
52.3 
52.1 
51.8 
51.6 
51.6 
51.5 
51.4 
51.4 
51.4 
51.3 
51.2 
50.9 
50.6 
50.4 
50.2 
50.2 
50.4 
50.6 
51.1 
51.6 
52.3 
52.9 
53.4 
53.6 
53.7 
53.7 
53.5 
53.3 
53.5 
53.3 
53.2 
53.0 
52.9 
52.7 
52.4 
52.1 
51.9 
51.6 
51.4 
51.4 
51.5 
51.7 
51.8 
52.2 
52.7 
53.1 
53.4 
53.6 
53.7 
53.8 
53.9 
53.8 
53.4 
53.3 
53.1 
52.8 
52.4 
52.1 
51.8 
51.4 
51.3 
51.2 
51.2 
51.2 
51.3 
51.6 
51.9 
52.1 
52.4 
52.7 
53.0 
53.3 
53.5 
53.6 
53.8 
53.9 
54.3 
54.3 
54.1 
53.9 
53.5 
53.0 
52.5 
52.1 
51.9 
51.8 
51.8 
51.9 
52.0 
52.1 
52.1 
52.2 
52.3 
52.3 
52.3 
52.4 
52.6 
52.8 
52.9 
53.2 
53.7 
53.7 
53.5 
53.2 
52.7 
52.1 
51.6 
51.1 
50.8 
50.6 
50.6 
50.7 
50.8 
51.0 
51.2 
51.1 
51.0 
50.9 
50.8 
50.8 
50.9 
51.0 
51.3 
51.5 
51.7 
51.9 
51.8 
51.5 
51.1 
50.4 
49.8 
49.4 
49.1 
48.9 
49.0 
49.3 
49.6 
49.8 
49.9 
49.9 
49.8 
49.6 
49.4 
49.4 
49.4 
49.5 
49.9 
50.3 
51.3 
51.6 
51.8 
51.6 
51.1 
50.6 
49.9 
49.6 
49.4 
49.6 
50.0 
50.6 
51.2 
51.7 
52.0 
52.2 
52.2 
52.1 
52.0 
51.9 
51.9 
52.2 
52.5 
53.1 
53.8 
54.2 
54.3 
54.2 
53.8 
53.2 
52.5 
51.9 
51.4 
51.2 
51.2 
51.4 
51.8 
52.2 
52.5 
52.5 
52.5 
52.2 
51.8 
51.3 
51.0 
50.8 
50.9 
51.2 
51.9 
52.3 
52.6 
52.6 
52.4 
51.9 
51.3 
50.9 
50.6 
50.5 
50.7 
51.1 
51.7 
52.4 
52.8 
53.2 
53.1 
53.0 
52.7 
52.4 
52.3 
52.3 
52.5 
52.9 
53.3 
53.8 
54.2 
54.3 
54.2 
53.7 
53.1 
52.4 
52.0 
51.9 
51.9 
52.3 
52.9 
53.6 
54.2 
54.6 
54.8 
54.7 
54.4 
54.0 
53.6 
53.3 
53.3 
53.4 
54.2 
54.7 
55.2 
55.3 
55.3 
55.0 
54.3 
53.6 
52.9 
52.6 
52.5 
52.7 
53.2 
53.7 
54.1 
54.4 
54.5 
54.3 
53.9 
53.4 
52.7 
52.3 
52.0 
52.0 
52.3 
52.7 
53.0 
53.3 
53.3 
53.0 
52.6 
52.2 
51.9 
51.7 
51.7 
52.1 
52.5 
53.3 
54.0 
54.6 
54.9 
55.1 
54.9 
54.6 
54.1 
53.6 
53.5 
53.6 
54.2 
54.5 
54.9 
55.2 
55.2 
55.0 
54.7 
54.2 
53.8 
53.4 
53.3 
53.4 
53.8 
54.5 
55.0 
55.5 
55.8 
55.9 
55.8 
55.3 
54.7 
54.2 
53.7 
53.4 
53.7 
53.8 
54.0 
54.2 
54.1 
53.9 
53.5 
53.1 
52.7 
52.3 
52.2 
52.3 
52.6 
53.1 
53.7 
54.3 
54.8 
55.1 
55.1 
54.9 
54.6 
54.2 
54.0 
53.9 
53.8 
54.1 
54.6 
54.9 
55.1 
55.2 
55.2 
55.0 
54.8 
54.7 
54.7 
54.9 
55.3 
55.8 
56.5 
57.1 
57.6 
58.0 
58.3 
58.3 
58.3 
58.0 
57.7 
57.6 
58.0 
58.0 
58.2 
58.3 
58.2 
58.0 
57.8 
57.4 
57.2 
57.0 
56.9 
57.1 
57.3 
57.8 
58.6 
59.2 
59.8 
60.2 
60.4 
60.4 
60.3 
60.2 
60.0 
59.7 
60.0 
60.0 
60.0 
60.0 
59.9 
59.7 
59.3 
59.2 
59.0 
58.7 
58.4 
58.3 
58.3 
58.4 
58.7 
59.1 
59.4 
59.6 
59.8 
59.8 
59.7 
59.4 
59.2 
58.8 
58.6 
58.4 
58.2 
58.1 
57.9 
57.7 
57.5 
57.2 
57.2 
57.0 
56.9 
57.0 
57.1 
57.3 
57.5 
57.7 
58.2 
58.6 
59.0 
59.2 
59.3 
59.4 
59.4 
59.4 
59.4 
59.4 
59.2 
58.8 
58.3 
57.7 
57.2 
56.9 
56.6 
56.4 
56.3 
56.4 
56.5 
56.6 
56.8 
56.9 
57.1 
57.2 
57.5 
57.6 
57.7 
57.8 
57.9 
58.0 
57.6 
57.6 
57.5 
57.2 
56.6 
56.0 
55.5 
55.2 
55.0 
54.9 
55.0 
55.2 
55.4 
55.7 
55.8 
55.9 
56.0 
56.1 
56.2 
56.4 
56.7 
57.0 
57.4 
57.7 
58.6 
58.8 
58.8 
58.5 
58.0 
57.4 
56.9 
56.5 
56.3 
56.3 
56.5 
56.9 
57.2 
57.5 
57.6 
57.6 
57.6 
57.6 
57.7 
57.8 
58.1 
58.6 
59.1 
59.6 
60.2 
60.5 
60.6 
60.3 
59.7 
59.1 
58.3 
57.9 
57.8 
57.9 
58.3 
58.8 
59.3 
59.7 
59.9 
60.0 
59.9 
59.8 
59.5 
59.4 
59.4 
59.6 
59.9 
60.4 
61.0 
61.4 
61.4 
61.1 
60.5 
59.5 
58.7 
57.9 
57.3 
57.1 
57.2 
57.6 
58.0 
58.4 
58.7 
58.8 
58.6 
58.3 
57.8 
57.5 
57.0 
56.9 
57.1 
57.5 
58.1 
58.6 
58.9 
58.7 
58.2 
57.5 
56.6 
55.9 
55.4 
55.3 
55.6 
56.2 
56.9 
57.6 
58.0 
58.3 
58.4 
58.1 
57.6 
57.1 
56.6 
56.3 
56.3 
56.5 
57.3 
57.9 
58.3 
58.4 
58.0 
57.6 
56.8 
56.1 
55.1 
55.3 
55.3 
55.7 
56.3 
57.1 
57.8 
58.3 
58.4 
58.3 
57.8 
57.2 
56.5 
56.1 
55.9 
56.0 
56.3 
56.9 
57.3 
57.4 
57.4 
56.9 
56.3 
55.7 
55.3 
55.1 
55.3 
55.8 
56.5 
57.3 
58.0 
58.7 
59.2 
59.3 
59.2 
58.8 
58.4 
58.0 
57.8 
57.8 
58.2 
58.7 
59.2 
59.6 
59.7 
59.8 
59.3 
58.9 
58.7 
58.6 
58.6 
59.2 
59.9 
60.9 
62.0 
62.6 
63.5 
63.9 
64.0 
63.8 
63.4 
62.8 
62.5 
62.3 
61.8 
62.1 
62.4 
62.6 
62.6 
62.4 
62.0 
61.6 
61.3 
61.1 
60.9 
61.2 
61.5 
62.1 
62.7 
63.4 
63.9 
64.3 
64.4 
64.2 
63.8 
63.2 
62.6 
62.1 
61.7 
61.6 
61.7 
61.7 
61.6 
61.3 
60.9 
60.4 
60.0 
59.5 
59.2 
59.1 
59.2 
59.5 
60.0 
60.6 
61.1 
61.6 
61.7 
61.7 
61.4 
61.0 
60.6 
60.2 
60.5 
60.5 
60.3 
60.2 
60.1 
59.9 
59.6 
59.5 
59.3 
59.2 
59.3 
59.4 
59.7 
60.2 
60.8 
61.4 
62.1 
62.7 
63.1 
63.3 
63.3 
63.1 
62.9 
62.7 
62.4 
62.4 
62.3 
62.1 
61.9 
61.6 
61.3 
61.1 
61.0 
60.9 
60.9 
60.9 
61.1 
61.3 
61.7 
62.2 
62.7 
63.3 
63.6 
64.1 
64.3 
64.5 
64.5 
64.6 
64.9 
64.9 
64.8 
64.6 
64.5 
64.2 
64.1 
64.0 
64.0 
64.1 
64.3 
64.6 
64.8 
65.1 
65.3 
65.7 
65.9 
66.4 
66.8 
67.0 
67.2 
67.3 
67.5 
67.6 
68.0 
68.0 
67.9 
67.6 
67.1 
66.5 
66.0 
65.6 
65.4 
65.2 
65.2 
65.1 
65.1 
65.0 
64.9 
64.8 
64.7 
64.6 
64.6 
64.5 
64.5 
64.5 
64.5 
64.5 
64.3 
64.1 
63.8 
63.2 
62.5 
61.8 
61.1 
60.7 
60.4 
60.4 
60.5 
60.9 
61.1 
61.2 
61.3 
61.4 
61.4 
61.2 
61.5 
61.6 
61.6 
62.0 
62.1 
62.4 
62.7 
62.7 
62.7 
62.4 
61.9 
61.4 
60.8 
60.6 
60.6 
60.9 
61.3 
61.8 
62.3 
62.7 
63.1 
63.3 
63.4 
63.5 
63.5 
63.8 
64.0 
64.4 
65.0 
65.5 
66.5 
67.0 
67.3 
67.3 
67.1 
66.9 
66.6 
66.5 
66.4 
66.5 
66.8 
67.2 
67.5 
67.7 
67.9 
67.9 
67.8 
67.5 
67.2 
67.0 
66.9 
66.8 
66.9 
67.0 
67.5 
67.7 
67.6 
67.4 
66.8 
66.1 
65.5 
64.9 
64.7 
64.8 
65.1 
65.6 
66.1 
66.7 
67.0 
67.3 
67.3 
67.2 
66.9 
66.7 
66.4 
66.3 
66.5 
66.8 
66.9 
67.2 
67.2 
66.9 
66.3 
65.5 
64.7 
64.2 
64.0 
63.9 
64.2 
64.7 
65.3 
65.9 
66.2 
66.5 
66.4 
66.2 
65.8 
65.4 
65.1 
64.8 
64.9 
65.1 
65.8 
66.2 
66.3 
66.3 
65.9 
65.4 
64.8 
64.4 
64.2 
64.3 
64.5 
65.0 
65.6 
66.2 
66.7 
67.0 
67.1 
67.0 
66.6 
66.2 
65.7 
65.4 
65.2 
65.4 
65.8 
66.2 
66.4 
66.5 
66.2 
65.7 
65.1 
64.7 
64.4 
64.4 
64.5 
65.0 
65.6 
66.3 
9999900.0 
67.0 
67.6 
67.5 
67.2 
66.8 
66.2 
65.7 
65.6 
65.6 
65.8 
66.2 
66.5 
66.6 
66.6 
66.3 
65.7 
65.4 
64.9 
64.7 
64.9 
65.2 
65.7 
66.2 
66.7 
67.1 
67.3 
67.2 
66.9 
66.3 
65.6 
65.1 
64.8 
64.6 
65.3 
65.6 
65.9 
66.2 
66.2 
66.0 
65.7 
65.3 
65.0 
64.9 
64.9 
65.3 
65.6 
66.4 
67.0 
67.5 
67.7 
67.7 
67.5 
67.1 
66.5 
66.0 
65.5 
65.1 
64.9 
65.0 
65.1 
65.2 
65.2 
64.8 
64.5 
64.0 
63.6 
63.4 
63.4 
63.6 
64.1 
64.7 
65.3 
65.8 
66.3 
66.5 
66.4 
66.1 
65.6 
64.9 
64.6 
64.4 
64.0 
64.1 
64.2 
64.4 
64.3 
64.2 
64.0 
63.6 
63.4 
63.3 
63.4 
63.6 
64.0 
64.6 
65.3 
66.0 
66.5 
66.9 
67.0 
66.9 
66.6 
66.2 
65.7 
65.3 
64.9 
65.0 
65.0 
65.1 
65.1 
65.0 
64.8 
64.6 
64.3 
64.0 
63.8 
63.7 
63.8 
64.2 
64.5 
65.1 
65.5 
65.8 
65.9 
66.0 
65.8 
65.4 
65.0 
64.7 
64.5 
64.3 
64.2 
64.2 
64.0 
63.9 
63.7 
63.6 
63.4 
63.3 
63.3 
63.3 
63.5 
63.8 
64.2 
64.7 
65.2 
65.7 
66.0 
66.2 
66.2 
66.1 
65.9 
65.7 
65.6 
65.4 
65.3 
65.2 
65.0 
64.7 
64.5 
64.3 
64.2 
64.2 
64.2 
64.3 
64.2 
64.4 
64.6 
64.9 
65.3 
65.8 
66.1 
66.4 
66.6 
66.5 
66.4 
66.4 
66.9 
66.7 
66.6 
66.3 
66.1 
65.8 
65.5 
65.4 
65.3 
65.4 
65.5 
65.6 
65.8 
65.9 
66.2 
66.5 
66.8 
67.1 
67.5 
67.9 
68.2 
68.4 
68.6 
68.8 
69.1 
69.1 
69.0 
68.7 
68.5 
68.2 
67.9 
67.7 
67.6 
67.9 
68.1 
68.4 
68.5 
68.7 
68.9 
69.0 
69.0 
69.0 
69.1 
69.1 
69.2 
69.2 
69.3 
69.4 
69.4 
69.4 
69.0 
68.6 
68.1 
67.5 
67.0 
66.8 
66.8 
67.1 
67.6 
68.1 
68.6 
69.0 
69.2 
69.4 
69.4 
69.4 
69.6 
69.8 
70.0 
70.4 
70.7 
71.2 
71.2 
71.3 
71.3 
71.0 
70.3 
69.6 
68.9 
68.4 
68.4 
68.5 
68.9 
69.3 
69.8 
70.2 
70.3 
70.4 
70.3 
70.1 
69.9 
69.8 
69.8 
70.0 
70.3 
70.7 
71.5 
71.8 
71.9 
71.8 
71.4 
70.9 
70.3 
70.0 
70.0 
70.3 
70.8 
71.6 
72.2 
72.7 
73.1 
73.3 
73.2 
72.9 
72.6 
72.2 
72.0 
72.0 
71.1 
71.4 
72.5 
72.8 
72.8 
72.6 
72.1 
71.3 
70.5 
70.1 
69.8 
69.8 
70.1 
70.7 
71.3 
72.0 
72.5 
72.8 
72.8 
72.5 
72.1 
71.6 
71.2 
70.9 
70.9 
71.1 
72.0 
72.3 
72.6 
72.5 
72.4 
71.9 
71.4 
70.8 
70.4 
70.5 
70.9 
71.7 
72.5 
73.3 
74.1 
74.6 
74.6 
74.4 
74.0 
73.3 
72.7 
72.3 
72.1 
72.1 
72.7 
73.4 
73.6 
74.3 
74.9 
75.2 
75.6 
75.9 
76.2 
76.6 
75.9 
75.4 
75.0 
74.7 
74.6 
75.4 
75.7 
75.7 
75.3 
74.8 
74.0 
73.3 
72.8 
72.7 
72.5 
72.7 
72.9 
73.0 
72.8 
72.5 
72.1 
71.6 
71.2 
70.9 
70.9 
71.2 
71.8 
72.5 
73.2 
73.8 
74.3 
74.6 
74.5 
74.1 
73.5 
72.9 
72.4 
72.2 
72.0 
72.1 
72.3 
72.3 
72.2 
71.8 
71.3 
70.8 
70.3 
70.0 
69.8 
69.7 
70.0 
70.4 
70.9 
71.4 
71.7 
71.8 
71.7 
71.3 
70.7 
69.8 
69.1 
68.5 
67.8 
67.5 
67.5 
67.5 
67.2 
67.1 
66.8 
66.6 
66.4 
66.3 
66.3 
66.5 
66.9 
67.5 
68.2 
68.9 
69.6 
70.1 
70.4 
70.5 
70.4 
70.0 
69.6 
69.3 
69.7 
69.7 
69.8 
69.8 
69.8 
69.7 
69.5 
69.3 
69.3 
69.1 
69.0 
69.1 
69.3 
69.7 
70.2 
70.9 
71.6 
72.2 
72.6 
72.8 
72.9 
72.8 
72.7 
72.5 
73.3 
73.3 
73.4 
73.6 
73.6 
73.5 
73.4 
73.4 
73.4 
73.5 
73.7 
73.9 
74.2 
74.6 
75.1 
75.7 
76.2 
76.7 
77.0 
77.4 
77.4 
77.3 
77.1 
76.8 
76.8 
76.7 
76.7 
76.5 
76.3 
76.0 
75.7 
75.6 
75.5 
75.4 
75.9 
75.8 
76.1 
76.2 
76.6 
76.9 
77.2 
77.5 
77.8 
77.9 
77.8 
77.7 
77.5 
77.3 
77.1 
76.8 
76.4 
76.0 
75.5 
74.8 
74.3 
73.8 
73.7 
73.7 
73.7 
73.8 
73.9 
74.2 
74.3 
74.6 
74.8 
75.1 
75.4 
75.5 
75.6 
75.6 
75.5 
75.5 
74.9 
74.7 
74.4 
74.0 
73.4 
72.9 
72.4 
72.1 
72.0 
72.0 
72.1 
72.2 
72.2 
72.2 
72.2 
72.1 
72.0 
72.0 
72.0 
72.1 
72.1 
72.1 
72.0 
72.3 
72.9 
72.9 
72.9 
72.8 
72.4 
72.1 
72.0 
72.1 
72.4 
72.9 
73.6 
74.2 
74.8 
75.3 
75.7 
76.0 
76.2 
76.2 
76.4 
76.5 
76.7 
76.9 
77.0 
77.2 
76.7 
77.1 
77.0 
76.7 
76.2 
75.6 
75.1 
74.7 
74.6 
74.7 
75.0 
75.5 
75.8 
76.0 
76.0 
76.0 
75.9 
75.7 
75.4 
75.2 
75.1 
75.0 
75.0 
75.1 
75.2 
75.2 
75.1 
74.8 
74.2 
73.6 
73.1 
72.7 
72.6 
72.6 
72.9 
73.3 
73.8 
74.3 
74.6 
74.9 
74.8 
74.8 
74.6 
74.5 
74.4 
74.5 
74.7 
75.1 
75.3 
75.7 
75.9 
75.7 
75.4 
74.9 
74.5 
74.4 
74.6 
75.2 
75.9 
76.9 
77.8 
79.6 
80.2 
79.6 
79.7 
79.8 
79.6 
79.4 
79.3 
79.2 
79.2 
79.4 
79.6 
79.8 
80.0 
79.8 
79.4 
78.8 
78.1 
77.6 
77.3 
77.3 
77.6 
78.0 
78.5 
79.0 
79.3 
79.4 
79.4 
79.1 
78.6 
78.1 
77.5 
77.0 
76.5 
76.7 
76.6 
76.8 
76.9 
76.8 
76.4 
75.8 
75.2 
74.7 
74.4 
74.4 
74.7 
75.3 
76.0 
76.6 
77.3 
77.7 
77.9 
77.8 
77.6 
77.2 
76.8 
76.4 
76.2 
76.2 
76.6 
77.0 
77.4 
77.4 
77.2 
76.9 
76.5 
76.2 
76.0 
76.1 
76.4 
77.0 
77.7 
78.4 
79.2 
79.7 
80.0 
80.0 
79.8 
79.3 
78.8 
78.5 
78.2 
78.2 
78.9 
79.2 
79.4 
79.5 
79.2 
78.8 
78.2 
77.8 
77.4 
77.4 
77.6 
78.0 
78.6 
79.3 
80.0 
80.6 
81.1 
81.2 
81.1 
80.8 
80.3 
79.8 
79.4 
79.2 
79.1 
79.3 
79.6 
79.7 
79.5 
79.1 
78.7 
78.2 
77.9 
77.5 
77.5 
77.7 
78.1 
78.7 
79.2 
79.8 
80.2 
80.4 
80.4 
80.1 
79.6 
79.0 
78.5 
78.2 
78.2 
78.2 
78.3 
78.3 
78.2 
77.9 
77.5 
77.2 
76.8 
76.4 
76.2 
76.2 
76.3 
76.6 
77.2 
77.8 
78.2 
78.5 
78.5 
78.4 
77.9 
77.3 
76.8 
76.4 
76.3 
76.2 
76.2 
76.1 
76.0 
75.8 
75.5 
75.2 
74.7 
74.4 
74.1 
74.0 
74.0 
74.3 
74.7 
75.1 
75.5 
75.8 
76.1 
76.3 
76.1 
75.8 
75.3 
74.9 
75.1 
74.9 
74.9 
74.9 
74.7 
74.5 
74.2 
73.8 
73.9 
73.9 
73.9 
73.9 
74.0 
74.3 
74.7 
75.1 
75.6 
76.0 
76.3 
76.5 
76.4 
76.3 
76.0 
75.6 
75.9 
75.7 
75.6 
75.4 
75.3 
75.1 
74.9 
74.8 
74.6 
74.4 
74.3 
74.1 
73.9 
73.8 
73.8 
74.0 
74.2 
74.5 
74.9 
75.1 
75.1 
74.9 
74.7 
74.4 
73.8 
73.6 
73.4 
73.1 
72.8 
72.4 
72.2 
72.1 
72.1 
72.1 
72.2 
72.3 
72.4 
72.5 
72.7 
72.8 
73.1 
73.4 
73.9 
74.2 
74.5 
74.7 
74.8 
74.8 
74.9 
74.8 
74.7 
74.5 
74.2 
73.8 
73.6 
73.6 
73.7 
74.0 
74.3 
74.5 
74.7 
74.7 
74.8 
74.8 
74.9 
74.9 
75.1 
75.2 
75.3 
75.5 
75.7 
75.8 
75.2 
75.2 
75.1 
74.7 
74.2 
73.9 
73.6 
73.7 
73.9 
74.4 
74.9 
75.3 
75.7 
76.0 
76.1 
76.2 
76.1 
76.1 
76.1 
76.4 
76.6 
76.8 
77.2 
77.5 
77.2 
77.3 
77.4 
77.2 
76.8 
76.4 
76.1 
76.0 
75.9 
76.0 
76.4 
76.7 
76.9 
77.0 
76.9 
76.7 
76.3 
75.9 
74.6 
74.2 
74.1 
74.0 
74.0 
74.1 
75.1 
75.2 
75.2 
75.0 
74.4 
73.9 
73.3 
73.2 
73.2 
73.5 
74.0 
74.5 
75.1 
75.5 
75.7 
75.8 
75.7 
75.4 
75.1 
74.6 
74.3 
74.2 
74.1 
74.3 
74.9 
75.0 
75.1 
75.0 
74.7 
74.2 
73.7 
73.4 
73.4 
73.6 
74.1 
74.7 
75.2 
75.8 
76.3 
76.5 
76.4 
76.0 
75.5 
75.0 
74.6 
74.1 
73.5 
74.0 
74.6 
74.9 
75.3 
75.4 
75.0 
74.4 
73.7 
73.3 
73.2 
73.3 
73.7 
74.2 
74.9 
75.5 
76.0 