   1   2   1 -7  4  2  0  0  0  0   10.82249467    0.000015   0.0               
   2   2   1 -6  0  5  0  0  0  0   11.22116207    0.000011   0.0               
   3   2   1 -6  2  3 -1  0  0  0   11.29180932    0.000012   0.0               
   4   2   1 -6  2  3  0  0  0  0   11.29401572    0.000063   0.0               
   5   2   1 -6  4  1 -1  0  0  0   11.36466297    0.000014   0.0               
   6   2   1 -6  4  1  0  0  0  0   11.36686937    0.000076   0.0               
   7   2   1 -6  5  1  0 -1  0  0   11.40793605    0.000011   0.0               
   8   2   1 -6  6 -1  0  0  0  0   11.43972303    0.000015   0.0               
   9   3   1 -5  0  3  0  0  0  0   11.76089496   -0.000014   0.0               
  10   2   1 -5  0  4 -1  0  0  0   11.76333037    0.000021   0.0               
  11   2   1 -5  0  4  0  0  0  0   11.76553678    0.000110   0.0               
  12   2   1 -5  1  2  0  1  0  0   11.79732375   -0.000011   0.0               
  13   3   1 -5  2  1 -1  0  0  0   11.83154221   -0.000012   0.0               
  14   3   1 -5  2  1  0  0  0  0   11.83374861   -0.000031   0.0               
  15   2   1 -5  2  2 -1  0  0  0   11.83618402    0.000087   0.0               
  16   2   1 -5  2  2  0  0  0  0   11.83839043    0.000461   0.0               
  17   2   1 -5  3  2  0 -1  0  0   11.87945711    0.000038   0.0               
  18   2   1 -5  4  0 -1  0  0  0   11.90903767    0.000054   0.0               
  19   2   1 -5  4  0  0  0  0  0   11.91124408    0.000286   0.0               
  20   2   1 -5  5  0  0 -1  0  0   11.95231076    0.000037   0.0               
  21   2   1 -5  6 -2  0  0  0  0   11.98409773    0.000017   0.0               
  22   2   1 -4 -1  3  0  1  0  0   12.26884480   -0.000020   0.0               
  23   2   1 -4  0  1 -2  0  0  0   12.29621504   -0.000009   0.0               
  24   3   1 -4  0  2 -1  0  0  0   12.30306326   -0.000040   0.0               
  25   3   1 -4  0  2  0  0  0  0   12.30526967   -0.000100   0.0               
  26   2   1 -4  0  3 -1  0  0  0   12.30770508    0.000203   0.0               
  27   2   1 -4  0  3  0  0  0  0   12.30991148    0.001074   0.0               
  28   2   1 -4  1  1 -1  1  0  0   12.33949205   -0.000009   0.0               
  29   2   1 -4  1  1  0  1  0  0   12.34169846   -0.000053   0.0               
  30   2   1 -4  1  2  0  0  0  0   12.34633831   -0.000017   0.0               
  31   2   1 -4  1  3  0 -1  0  0   12.35097816    0.000023   0.0               
  32   2   1 -4  2 -1 -2  0  0  0   12.36906869   -0.000012   0.0               
  33   3   1 -4  2  0 -1  0  0  0   12.37591691   -0.000040   0.0               
  34   3   1 -4  2  0  0  0  0  0   12.37812332   -0.000101   0.0               
  35   2   1 -4  2  1 -2  0  0  0   12.37835232   -0.000014   0.0               
  36   2   1 -4  2  1 -1  0  0  0   12.38055873    0.000525   0.0               
  37   2   1 -4  2  1  0  0  0  0   12.38276513    0.002783  -0.000002          
  38   2   1 -4  2  3  0  0  0  0   12.39204876   -0.000010   0.0               
  39   2   1 -4  3 -1  0  1  0  0   12.41455211   -0.000011   0.0               
  40   3   1 -4  3  0  0 -1  0  0   12.41919000   -0.000007   0.0               
  41   2   1 -4  3  0  0  0  0  0   12.41919196   -0.000014   0.0               
  42   2   1 -4  3  1 -1 -1  0  0   12.42162541    0.000039   0.0               
  43   2   1 -4  3  1  0 -1  0  0   12.42383181    0.000210   0.0               
  44   2   1 -4  4 -1 -1  0  0  0   12.45341238    0.000101   0.0               
  45   2   1 -4  4 -1  0  0  0  0   12.45561879    0.000538   0.0               
  46   2   1 -4  4  1  0  0  0  0   12.46490241   -0.000026   0.0               
  47   2   1 -4  4  1  1  0  0  0   12.46710882    0.000012   0.0               
  48   2   1 -4  5 -1 -1 -1  0  0   12.49447906    0.000011   0.0               
  49   2   1 -4  5 -1  0 -1  0  0   12.49668547    0.000061   0.0               
  50   2   1 -3 -2  2 -2  0  0  0   12.76773609   -0.000012   0.0               
  51   2   1 -3 -2  4  0  0  0  0   12.78143254   -0.000036   0.0               
  52   2   1 -3 -1  2 -1  1  0  0   12.81101310   -0.000022   0.0               
  53   2   1 -3 -1  2  0  1  0  0   12.81321951   -0.000129   0.0               
  54   2   1 -3  0  0 -3  0  0  0   12.83838334   -0.000011   0.0               
  55   2   1 -3  0  0 -2  0  0  0   12.84058975   -0.000057   0.0               
  56   4   1 -3  0  0 -1  0  0  0   12.84279615    0.000007   0.0               
  57   4   1 -3  0  0  0  0  0  0   12.84500256    0.000012   0.0               
  58   3   1 -3  0  1 -2  0  0  0   12.84523156   -0.000018   0.0               
  59   3   1 -3  0  1 -1  0  0  0   12.84743797   -0.000229   0.0               
  60   3   1 -3  0  1  0  0  0  0   12.84964437   -0.000580   0.0               
  61   2   1 -3  0  2 -2  0  0  0   12.84987337   -0.000045   0.0               
  62   2   1 -3  0  2 -1  0  0  0   12.85207978    0.001801  -0.000005          
  63   2   1 -3  0  2  0  0  0  0   12.85428619    0.009545  -0.000007          
  64   3   1 -3  0  3  0  0  0  0   12.85892800   -0.000014   0.0               
  65   2   1 -3  0  4  0  0  0  0   12.86356982   -0.000015   0.0               
  66   2   1 -3  1  0 -1  1  0  0   12.88386676   -0.000028   0.0               
  67   2   1 -3  1  0  0  1  0  0   12.88607316   -0.000162   0.0               
  68   2   1 -3  1  1 -1  0  0  0   12.88850661   -0.000019   0.0               
  69   3   1 -3  1  1  0 -1  0  0   12.89071105   -0.000007   0.0               
  70   2   1 -3  1  1  0  0  0  0   12.89071301   -0.000102   0.0               
  71   2   1 -3  1  2 -1 -1  0  0   12.89314646    0.000025   0.0               
  72   2   1 -3  1  2  0 -1  0  0   12.89535287    0.000146   0.0               
  73   2   1 -3  2 -2 -2  0  0  0   12.91344340   -0.000013   0.0               
  74   3   1 -3  2 -1 -1  0  0  0   12.92029162   -0.000043   0.0               
  75   3   1 -3  2 -1  0  0  0  0   12.92249803   -0.000108   0.0               
  76   2   1 -3  2  0 -2  0  0  0   12.92272703   -0.000065   0.0               
  77   2   1 -3  2  0 -1  0  0  0   12.92493343    0.002173   0.0               
  78   2   1 -3  2  0  0  0  0  0   12.92713984    0.011520  -0.000005          
  79   3   1 -3  2  1  0  0  0  0   12.93178165   -0.000040   0.0               
  80   2   1 -3  2  2  0  0  0  0   12.93642347   -0.000096   0.0               
  81   2   1 -3  2  2  1  0  0  0   12.93862987    0.000037   0.0               
  82   2   1 -3  3 -1  0  0  0  0   12.96356667   -0.000029   0.0               
  83   2   1 -3  3  0 -1 -1  0  0   12.96600011    0.000144   0.0               
  84   2   1 -3  3  0  0 -1  0  0   12.96820652    0.000776  -0.000001          
  85   2   1 -3  4 -2 -1  0  0  0   12.99778709    0.000066   0.0               
  86   2   1 -3  4 -2  0  0  0  0   12.99999349    0.000352   0.0               
  87   3   1 -3  4 -1  0  0  0  0   13.00463531   -0.000008   0.0               
  88   2   1 -3  4  0  0 -2  0  0   13.00927320    0.000037   0.0               
  89   2   1 -3  4  0  0  0  0  0   13.00927712   -0.000075   0.0               
  90   2   1 -3  4  0  1  0  0  0   13.01148353    0.000049   0.0               
  91   2   1 -3  5 -2  0 -1  0  0   13.04106017    0.000032   0.0               
  92   2   1 -3  5  0  0 -1  0  0   13.05034380   -0.000011   0.0               
  93   2   1 -2 -2  1 -3  0  0  0   13.30990439   -0.000011   0.0               
  94   2   1 -2 -2  1 -2  0  0  0   13.31211080   -0.000061   0.0               
  95   3   1 -2 -2  2  0  0  0  0   13.32116543    0.000013   0.0               
  96   2   1 -2 -2  3 -1  0  0  0   13.32360083   -0.000040   0.0               
  97   2   1 -2 -2  3  0  0  0  0   13.32580724   -0.000232   0.0               
  98   3   1 -2 -1  0  0  1  0  0   13.35295240    0.000011   0.0               
  99   2   1 -2 -1  1 -1  1  0  0   13.35538781   -0.000097   0.0               
 100   2   1 -2 -1  1  0  1  0  0   13.35759422   -0.000607   0.000001          
 101   2   1 -2 -1  2  0  0  0  0   13.36223407    0.000017   0.0               
 102   2   1 -2  0 -1 -3  0  0  0   13.38275805   -0.000052   0.0               
 103   2   1 -2  0 -1 -2  0  0  0   13.38496445   -0.000276   0.0               
 104   3   1 -2  0  0 -2  0  0  0   13.38960627   -0.000065   0.0               
 105   3   1 -2  0  0 -1  0  0  0   13.39181267   -0.000836   0.0               
 106   3   1 -2  0  0  0  0  0  0   13.39401908   -0.002112   0.000002          
 107   2   1 -2  0  0  0  1  0  0   13.39402104    0.000052   0.0               
 108   2   1 -2  0  1 -2  0  0  0   13.39424808   -0.000411  -0.000003          
 109   2   1 -2  0  1 -1  0  0  0   13.39645449    0.013607  -0.000003          
 110   2   1 -2  0  1  0  0  0  0   13.39866089    0.072136  -0.000035          
 111   4   1 -2  0  1  0  0  0  0   13.39866089    0.000024   0.0               
 112   3   1 -2  0  2 -1  0  0  0   13.40109630    0.000019   0.0               
 113   3   1 -2  0  2  0  0  0  0   13.40330271   -0.000130   0.0               
 114   3   1 -2  0  2  1  0  0  0   13.40550911    0.000016   0.0               
 115   2   1 -2  0  3  0  0  0  0   13.40794452   -0.000195   0.0               
 116   2   1 -2  0  3  1  0  0  0   13.41015093   -0.000022   0.0               
 117   2   1 -2  1 -1 -1  1  0  0   13.42824146   -0.000022   0.0               
 118   2   1 -2  1 -1  0  1  0  0   13.43044787   -0.000133   0.0               
 119   2   1 -2  1  0 -1  0  0  0   13.43288131   -0.000072   0.0               
 120   3   1 -2  1  0  0 -1  0  0   13.43508576   -0.000012   0.0               
 121   2   1 -2  1  0  0  0  0  0   13.43508772   -0.000390   0.000001          
 122   2   1 -2  1  1 -1 -1  0  0   13.43752117    0.000109   0.0               
 123   2   1 -2  1  1  0 -1  0  0   13.43972757    0.000673  -0.000001          
 124   2   1 -2  1  1  0  1  0  0   13.43973150    0.000013   0.0               
 125   2   1 -2  1  1  1  1  0  0   13.44193790   -0.000009   0.0               
 126   2   1 -2  2 -1 -2  0  0  0   13.46710173   -0.000077   0.0               
 127   2   1 -2  2 -1 -1  0  0  0   13.46930814    0.002584   0.0               
 128   2   1 -2  2 -1  0  0  0  0   13.47151455    0.013702  -0.000006          
 129   4   1 -2  2 -1  0  0  0  0   13.47151455    0.000005   0.0               
 130   3   1 -2  2  0 -1  0  0  0   13.47394995    0.000027   0.0               
 131   3   1 -2  2  0  0  0  0  0   13.47615636   -0.000181   0.0               
 132   2   1 -2  2  1 -1  0  0  0   13.47859177    0.000021   0.0               
 133   2   1 -2  2  1  0  0  0  0   13.48079817   -0.000789   0.0               
 134   2   1 -2  2  1  1  0  0  0   13.48300458    0.000244   0.0               
 135   2   1 -2  3 -1 -1 -1  0  0   13.51037482    0.000116   0.0               
 136   2   1 -2  3 -1  0 -1  0  0   13.51258123    0.000630   0.0               
 137   3   1 -2  3  0  0 -1  0  0   13.51722304   -0.000012   0.0               
 138   2   1 -2  3  1  0 -1  0  0   13.52186485   -0.000057   0.0               
 139   2   1 -2  3  1  1 -1  0  0   13.52407126    0.000009   0.0               
 140   2   1 -2  4 -1  0 -2  0  0   13.55364790    0.000023   0.0               
 141   2   1 -2  4 -1  0  0  0  0   13.55365183   -0.000151   0.0               
 142   2   1 -2  4 -1  1  0  0  0   13.55585823    0.000045   0.0               
 143   2   1 -2  5 -1  0 -1  0  0   13.59471851   -0.000017   0.0               
 144   2   1 -1 -3  2  0  1  0  0   13.82911527   -0.000046   0.0               
 145   2   1 -1 -2  0 -3  0  0  0   13.85427910   -0.000028   0.0               
 146   2   1 -1 -2  0 -2  0  0  0   13.85648551   -0.000163   0.0               
 147   2   1 -1 -2  0  0  2  0  0   13.86090224   -0.000013   0.0               
 148   3   1 -1 -2  1 -1  0  0  0   13.86333373    0.000015   0.0               
 149   3   1 -1 -2  1  0  0  0  0   13.86554013    0.000029   0.0               
 150   2   1 -1 -2  2 -1  0  0  0   13.86797554   -0.000198   0.0               
 151   2   1 -1 -2  2  0  0  0  0   13.87018195   -0.001132   0.0               
 152   2   1 -1 -1  0 -1  1  0  0   13.89976251   -0.000154   0.0               
 153   2   1 -1 -1  0  0  1  0  0   13.90196892   -0.001296   0.000002          
 154   2   1 -1 -1  1  0  0  0  0   13.90660877    0.000057   0.0               
 155   3   1 -1 -1  1  0  1  0  0   13.90661074    0.000007   0.0               
 156   2   1 -1 -1  2  0  1  0  0   13.91125255    0.000033   0.0               
 157   2   1 -1  0 -2 -2  0  0  0   13.92933916    0.000014   0.0               
 158   3   1 -1  0 -1 -2  0  0  0   13.93398097    0.000008   0.0               
 159   3   1 -1  0 -1 -1  0  0  0   13.93618738    0.000047   0.0               
 160   2   1 -1  0  0 -3  0  0  0   13.93641638    0.000021   0.0               
 161   3   1 -1  0 -1  0  0  0  0   13.93839379    0.000119   0.0               
 162   2   1 -1  0  0 -2  0  0  0   13.93862279   -0.002178   0.000003          
 163   2   1 -1  0  0 -1  0  0  0   13.94082919    0.071081   0.000020          
 164   4   1 -1  0  0 -1  0  0  0   13.94082919    0.000011   0.0               
 165   2   1 -1  0  0  0  0  0  0   13.94303560    0.376763  -0.000178          
 166   4   1 -1  0  0  0  0  0  0   13.94303560    0.000098   0.0               
 167   2   1 -1  0  0  1  0  0  0   13.94524201    0.000015   0.0               
 168   4   1 -1  0  0  1  0  0  0   13.94524201   -0.000008   0.0               
 169   3   1 -1  0  1 -1  0  0  0   13.94547101    0.000160   0.0               
 170   3   1 -1  0  1  0  0  0  0   13.94767741   -0.001080   0.0               
 171   3   1 -1  0  1  1  0  0  0   13.94988382    0.000141   0.0               
 172   2   1 -1  0  2 -1  0  0  0   13.95011282    0.000070   0.0               
 173   2   1 -1  0  2  0  0  0  0   13.95231923   -0.002429   0.000002          
 174   2   1 -1  0  2  1  0  0  0   13.95452563   -0.000396   0.0               
 175   2   1 -1  0  2  2  0  0  0   13.95673204    0.000015   0.0               
 176   2   1 -1  1 -1  0  0  0  0   13.97946243   -0.000014   0.0               
 177   2   1 -1  1  0 -1 -1  0  0   13.98189587    0.000119   0.0               
 178   2   1 -1  1  0  0 -1  0  0   13.98410228    0.001141  -0.000002          
 179   2   1 -1  1  0  0  1  0  0   13.98410620    0.000055   0.0               
 180   2   1 -1  1  0  1  1  0  0   13.98631261   -0.000035   0.0               
 181   3   1 -1  1  1  0 -1  0  0   13.98874409   -0.000008   0.0               
 182   2   1 -1  1  1  0  0  0  0   13.98874605    0.000025   0.0               
 183   2   1 -1  1  2  0 -1  0  0   13.99338591   -0.000030   0.0               
 184   2   1 -1  2 -2 -1  0  0  0   14.01368285   -0.000040   0.0               
 185   2   1 -1  2 -2  0  0  0  0   14.01588925   -0.000215   0.0               
 186   3   1 -1  2 -1 -1  0  0  0   14.01832466    0.000031   0.0               
 187   3   1 -1  2 -1  0  0  0  0   14.02053107   -0.000210   0.0               
 188   3   1 -1  2 -1  1  0  0  0   14.02273747    0.000029   0.0               
 189   2   1 -1  2  0 -1  0  0  0   14.02296647    0.000140   0.0               
 190   2   1 -1  2  0  0 -2  0  0   14.02516896    0.000014   0.0               
 191   2   1 -1  2  0  0  0  0  0   14.02517288   -0.004914   0.000002          
 192   2   1 -1  2  0  1  0  0  0   14.02737929    0.001071   0.0               
 193   2   1 -1  2  0  2  0  0  0   14.02958569    0.000072   0.0               
 194   2   1 -1  3 -2  0 -1  0  0   14.05695593   -0.000010   0.0               
 195   3   1 -1  3 -1  0 -1  0  0   14.06159775   -0.000009   0.0               
 196   2   1 -1  3  0 -1 -1  0  0   14.06403315    0.000010   0.0               
 197   2   1 -1  3  0  0 -1  0  0   14.06623956   -0.000324   0.0               
 198   2   1 -1  3  0  1 -1  0  0   14.06844597    0.000025   0.0               
 199   2   1 -1  4 -2  0  0  0  0   14.09802653   -0.000092   0.0               
 200   2   1 -1  4 -2  1  0  0  0   14.10023294   -0.000019   0.0               
 201   2   1 -1  4  0  0 -2  0  0   14.10730624   -0.000015   0.0               
 202   2   1  0 -3  1 -1  1  0  0   14.37128357   -0.000028   0.0               
 203   2   1  0 -3  1  0  1  0  0   14.37348998   -0.000133   0.0               
 204   2   1  0 -2 -1 -2  0  0  0   14.40086021    0.000009   0.0               
 205   3   1  0 -2  0 -1  0  0  0   14.40770843    0.000025   0.0               
 206   2   1  0 -2  1 -2  0  0  0   14.41014384    0.000037   0.0               
 207   2   1  0 -2  1 -1  0  0  0   14.41235025   -0.000629   0.0               
 208   2   1  0 -2  1  0  0  0  0   14.41455665   -0.002780   0.0               
 209   2   1  0 -1 -1 -1  1  0  0   14.44413722   -0.000010   0.0               
 210   2   1  0 -1 -1  0  1  0  0   14.44634363   -0.000044   0.0               
 211   2   1  0 -1  0 -1  0  0  0   14.44877707    0.000012   0.0               
 212   2   1  0 -1  0  0  0  0  0   14.45098348    0.000064   0.0               
 213   3   1  0 -1  0  0  1  0  0   14.45098544    0.000012   0.0               
 214   2   1  0 -1  1  0  1  0  0   14.45562726    0.000146   0.0               
 215   2   1  0 -1  1  1  1  0  0   14.45783366    0.000036   0.0               
 216   2   1  0  0 -1 -2  0  0  0   14.48299749    0.000173   0.0               
 217   2   1  0  0 -1 -1  0  0  0   14.48520390   -0.001972  -0.000001          
 218   2   1  0  0 -1  0  0  0  0   14.48741031   -0.010653   0.000005          
 219   3   1  0  0  0 -2  0  0  0   14.48763931   -0.000030   0.0               
 220   3   1  0  0  0 -1  0  0  0   14.48984571    0.000977  -0.000001          
 221   2   1  0  0  0  0 -1  0  0   14.49205016   -0.000014   0.0               
 222   3   1  0  0  0  0  0  0  0   14.49205212   -0.006608  -0.000005          
 223   2   1  0  0  0  0  1  0  0   14.49205408   -0.000037   0.0               
 224   3   1  0  0  0  1  0  0  0   14.49425853    0.000855  -0.000001          
 225   2   1  0  0  1 -1  0  0  0   14.49448753    0.000856   0.000002          
 226   3   1  0  0  0  2  0  0  0   14.49646493   -0.000013   0.0               
 227   2   1  0  0  1  0  0  0  0   14.49669393   -0.029631   0.000013          
 228   4   1  0  0  1  0  0  0  0   14.49669393   -0.000013   0.0               
 229   2   1  0  0  1  1  0  0  0   14.49890034   -0.005946  -0.000001          
 230   2   1  0  0  1  2  0  0  0   14.50110675    0.000167   0.0               
 231   3   1  0  0  2  0  0  0  0   14.50133575   -0.000010   0.0               
 232   2   1  0  1 -1  0 -1  0  0   14.52847698    0.000012   0.0               
 233   2   1  0  1 -1  0  1  0  0   14.52848091    0.000037   0.0               
 234   3   1  0  1  0  0 -1  0  0   14.53311880   -0.000010   0.0               
 235   2   1  0  1  0  0  0  0  0   14.53312076    0.000164   0.0               
 236   2   1  0  1  0  1  0  0  0   14.53532717    0.000036   0.0               
 237   2   1  0  1  1  0 -1  0  0   14.53776061   -0.000183   0.0               
 238   2   1  0  1  1  1 -1  0  0   14.53996702   -0.000046   0.0               
 239   3   1  0  2 -2  0  0  0  0   14.56490577   -0.000010   0.0               
 240   2   1  0  2 -1 -1  0  0  0   14.56734118    0.000164   0.0               
 241   2   1  0  2 -1  0  0  0  0   14.56954759   -0.005667   0.000003          
 242   2   1  0  2 -1  1  0  0  0   14.57175399   -0.001244   0.0               
 243   2   1  0  2 -1  2  0  0  0   14.57396040    0.000029   0.0               
 244   3   1  0  2  0  0  0  0  0   14.57418940   -0.000027   0.0               
 245   3   1  0  2  0  1  0  0  0   14.57639581    0.000017   0.0               
 246   2   1  0  2  1  1  0  0  0   14.58103762    0.000025   0.0               
 247   2   1  0  2  1  2  0  0  0   14.58324403    0.000020   0.0               
 248   2   1  0  3 -1  0 -1  0  0   14.61061426   -0.000242   0.0               
 249   2   1  0  3 -1  1 -1  0  0   14.61282067   -0.000056   0.0               
 250   2   1  1 -5  0  0  3  0  0   14.83573132    0.000014   0.0               
 251   2   1  1 -4  0  0  2  0  0   14.87679800    0.000416   0.0               
 252   2   1  1 -2  0  0  0  0 -2   14.90755459   -0.000008   0.0               
 253   2   1  1 -3  0 -1  1  0  0   14.91565827   -0.000081   0.0               
 254   2   1  1 -3  0  0  1  0  0   14.91786468    0.010251  -0.000030          
 255   2   1  1 -2  0  0  0 -1  0   14.92132644    0.000011   0.0               
 256   2   1  1 -3  2  0  1  0  0   14.92714831   -0.000009   0.0               
 257   2   1  1 -2  0 -2  0  0  0   14.95451855    0.000143   0.0               
 258   2   1  1 -2  0 -1  0  0  0   14.95672495   -0.001973  -0.000006          
 259   2   1  1 -2  0  0  0  0  0   14.95893136    0.175307  -0.000083          
 260   2   1  1 -2  0  0  2  0  0   14.95893528   -0.000112   0.0               
 261   3   1  1 -2  1 -1  0  0  0   14.96136677    0.000009   0.0               
 262   3   1  1 -2  1  0  0  0  0   14.96357317   -0.000067   0.0               
 263   3   1  1 -2  1  1  0  0  0   14.96577958    0.000009   0.0               
 264   2   1  1 -2  2 -1  0  0  0   14.96600858    0.000013   0.0               
 265   2   1  1 -2  2  0  0  0  0   14.96821499   -0.000263   0.0               
 266   2   1  1 -2  2  1  0  0  0   14.97042139   -0.000053   0.0               
 267   2   1  1 -1  0 -1 -1  0  0   14.99779163    0.000029   0.0               
 268   2   1  1 -1  0  0 -1  0  0   14.99999804   -0.001467   0.000005          
 269   2   1  1 -1  0  0  1  0  0   15.00000196   -0.004145   0.000015          
 270   2   1  1 -1  0  1  1  0  0   15.00220837    0.000108   0.0               
 271   2   1  1  0 -2 -2  0  0  0   15.02737220    0.000012   0.0               
 272   2   1  1  0 -2 -1  0  0  0   15.02957861   -0.000097   0.0               
 273   3   1  1  0 -1 -1  0  0  0   15.03422042    0.000054   0.0               
 274   3   1  1  0 -1  0  0  0  0   15.03642683   -0.000360   0.0               
 275   2   1  1  0  0 -2  0  0  0   15.03665583   -0.000067   0.0               
 276   3   1  1  0 -1  1  0  0  0   15.03863323    0.000046   0.0               
 277   2   1  1  0  0 -1  0  0  0   15.03886223    0.010492  -0.000008          
 278   4   1  1  0  0 -1  0  0  0   15.03886223    0.000010   0.0               
 279   2   1  1  0  0  0  0  0  0   15.04106864   -0.529876   0.000224          
 280   4   1  1  0  0  0  0  0  0   15.04106864   -0.000094   0.0               
 281   2   1  1  0  0  0  2  0  0   15.04107256    0.000019   0.0               
 282   2   1  1  0  0  1  0  0  0   15.04327505   -0.071886  -0.000019          
 283   4   1  1  0  0  1  0  0  0   15.04327505   -0.000011   0.0               
 284   2   1  1  0  0  2  0  0  0   15.04548145    0.001543   0.0               
 285   3   1  1  0  1  0  0  0  0   15.04571045   -0.000131   0.0               
 286   3   1  1  0  1  1  0  0  0   15.04791686   -0.000054   0.0               
 287   2   1  1  0  2  1  0  0  0   15.05255867    0.000014   0.0               
 288   2   1  1  0  2  2  0  0  0   15.05476508    0.000012   0.0               
 289   2   1  1  1  0 -1 -1  0  0   15.07992891   -0.000013   0.0               
 290   2   1  1  1  0  0 -1  0  0   15.08213532   -0.004145   0.000013          
 291   2   1  1  1  0  0  1  0  0   15.08213924    0.000063   0.0               
 292   2   1  1  1  0  1 -1  0  0   15.08434173   -0.000075   0.0               
 293   2   1  1  2 -2  0  0  0  0   15.11392229   -0.000263   0.0               
 294   2   1  1  2 -2  1  0  0  0   15.11612870   -0.000073   0.0               
 295   3   1  1  2 -1  0  0  0  0   15.11856411   -0.000024   0.0               
 296   3   1  1  2 -1  1  0  0  0   15.12077051   -0.000009   0.0               
 297   2   1  1  2  0  0 -2  0  0   15.12320200   -0.000104   0.0               
 298   2   1  1  2  0  0  0  0  0   15.12320592   -0.007545   0.000011          
 299   2   1  1  2  0  1  0  0  0   15.12541233    0.000289   0.0               
 300   2   1  1  2  0  2  0  0  0   15.12761873    0.000143   0.0               
 301   2   1  1  2  0  3  0  0  0   15.12982514    0.000013   0.0               
 302   2   1  1  3 -2  0 -1  0  0   15.15498897   -0.000009   0.0               
 303   2   1  1  3  0  0 -1  0  0   15.16427260   -0.000439   0.0               
 304   2   1  1  3  0  1 -1  0  0   15.16647901    0.000012   0.0               
 305   2   1  1  4  0  0 -2  0  0   15.20533928   -0.000018   0.0               
 306   2   1  2 -4  1 -1  0  0  0   15.42824601   -0.000032   0.0               
 307   2   1  2 -4  1  0  2  0  0   15.43045634   -0.000012   0.0               
 308   2   1  2 -3  0  0  0  0  0   15.46687924   -0.000013   0.0               
 309   2   1  2 -3  1  0  1  0  0   15.47152302   -0.000242   0.0               
 310   2   1  2 -3  1  1  1  0  0   15.47372942   -0.000047   0.0               
 311   2   1  2 -2 -1 -2  0  0  0   15.49889325    0.000020   0.0               
 312   2   1  2 -2 -1 -1  0  0  0   15.50109966   -0.000168   0.0               
 313   2   1  2 -2 -1  0  0  0  0   15.50330607    0.000029   0.0               
 314   3   1  2 -2  0 -1  0  0  0   15.50574147   -0.000017   0.0               
 315   3   1  2 -2  0  0  0  0  0   15.50794788   -0.000076   0.0               
 316   3   1  2 -2  0  1  0  0  0   15.51015429    0.000009   0.0               
 317   2   1  2 -2  1 -1  0  0  0   15.51038329    0.000181   0.0               
 318   2   1  2 -2  1  0  0  0  0   15.51258969   -0.005666   0.000002          
 319   2   1  2 -2  1  1  0  0  0   15.51479610   -0.001124   0.0               
 320   2   1  2 -2  1  2  0  0  0   15.51700251    0.000024   0.0               
 321   2   1  2 -1 -1  0  1  0  0   15.54437667   -0.000182   0.0               
 322   2   1  2 -1 -1  1  1  0  0   15.54658307   -0.000031   0.0               
 323   2   1  2 -1  0  0  0  0  0   15.54901652    0.000164   0.0               
 324   2   1  2 -1  0  1  0  0  0   15.55122293    0.000028   0.0               
 325   2   1  2 -1  1  0 -1  0  0   15.55365637    0.000038   0.0               
 326   3   1  2  0 -2  0  0  0  0   15.58080153   -0.000027   0.0               
 327   2   1  2  0 -1 -1  0  0  0   15.58323694    0.000868   0.0               
 328   2   1  2  0 -1  0  0  0  0   15.58544335   -0.029630   0.000012          
 329   4   1  2  0 -1  0  0  0  0   15.58544335   -0.000013   0.0               
 330   2   1  2  0 -1  1  0  0  0   15.58764975   -0.005875   0.0               
 331   3   1  2  0  0 -1  0  0  0   15.58787875    0.000078   0.0               
 332   2   1  2  0 -1  2  0  0  0   15.58985616    0.000124   0.0               
 333   2   1  2  0  0  0 -1  0  0   15.59008320   -0.000022   0.0               
 334   3   1  2  0  0  0  0  0  0   15.59008516   -0.002412   0.000002          
 335   3   1  2  0  0  1  0  0  0   15.59229157   -0.000977   0.0               
 336   3   1  2  0  0  2  0  0  0   15.59449797   -0.000081   0.0               
 337   2   1  2  0  1  0  0  0  0   15.59472697    0.000455   0.0               
 338   2   1  2  0  1  1  0  0  0   15.59693338    0.000287   0.0               
 339   2   1  2  0  1  2  0  0  0   15.59913979    0.000173   0.0               
 340   2   1  2  0  1  3  0  0  0   15.60134619    0.000026   0.0               
 341   2   1  2  1 -1  0 -1  0  0   15.62651002    0.000152   0.0               
 342   2   1  2  1 -1  1 -1  0  0   15.62871643    0.000023   0.0               
 343   2   1  2  2 -1  0  0  0  0   15.66758063    0.000118   0.0               
 344   2   1  2  2 -1  1  0  0  0   15.66978703    0.000092   0.0               
 345   2   1  2  2 -1  2  0  0  0   15.67199344    0.000037   0.0               
 346   2   1  3 -4  0 -1  0  0  0   15.97262071   -0.000027   0.0               
 347   2   1  3 -4  0  0  2  0  0   15.97483104   -0.000019   0.0               
 348   2   1  3 -4  2  0  0  0  0   15.98411075   -0.000092   0.0               
 349   2   1  3 -4  2  1  0  0  0   15.98631715   -0.000018   0.0               
 350   2   1  3 -3  0  0  1  0  0   16.01589772   -0.000324   0.0               
 351   2   1  3 -3  0  1  1  0  0   16.01810413   -0.000062   0.0               
 352   2   1  3 -2 -2 -1  0  0  0   16.04547437   -0.000015   0.0               
 353   3   1  3 -2 -1  0  0  0  0   16.05232259   -0.000010   0.0               
 354   2   1  3 -2  0 -1  0  0  0   16.05475799   -0.000157   0.0               
 355   2   1  3 -2  0  0  0  0  0   16.05696440   -0.004915   0.000003          
 356   2   1  3 -2  0  1  0  0  0   16.05917081   -0.000962   0.0               
 357   2   1  3 -2  0  2  0  0  0   16.06137721    0.000020   0.0               
 358   3   1  3 -2  1  0  0  0  0   16.06160621   -0.000077   0.0               
 359   3   1  3 -2  1  1  0  0  0   16.06381262   -0.000031   0.0               
 360   2   1  3 -2  2  0  0  0  0   16.06624803    0.000009   0.0               
 361   2   1  3 -1 -2  0  1  0  0   16.08875137   -0.000030   0.0               
 362   2   1  3 -1 -1  0  0  0  0   16.09339123    0.000026   0.0               
 363   2   1  3 -1  0  0 -1  0  0   16.09803108    0.000053   0.0               
 364   2   1  3 -1  0  0  1  0  0   16.09803500   -0.000049   0.0               
 365   2   1  3 -1  0  1  1  0  0   16.10024141   -0.000026   0.0               
 366   2   1  3  0 -2 -1  0  0  0   16.12761165    0.000058   0.0               
 367   2   1  3  0 -2  0  0  0  0   16.12981805   -0.002428   0.000002          
 368   2   1  3  0 -2  1  0  0  0   16.13202446   -0.000481   0.0               
 369   3   1  3  0 -1 -1  0  0  0   16.13225346    0.000013   0.0               
 370   3   1  3  0 -1  0  0  0  0   16.13445987   -0.000394   0.0               
 371   3   1  3  0 -1  1  0  0  0   16.13666627   -0.000159   0.0               
 372   3   1  3  0 -1  2  0  0  0   16.13887268   -0.000013   0.0               
 373   2   1  3  0  0  0  0  0  0   16.13910168   -0.016212   0.000026          
 374   4   1  3  0  0  0  0  0  0   16.13910168   -0.000017   0.0               
 375   2   1  3  0  0  1  0  0  0   16.14130809   -0.010385   0.000012          
 376   4   1  3  0  0  1  0  0  0   16.14130809   -0.000010   0.0               
 377   2   1  3  0  0  2  0  0  0   16.14351449   -0.002175   0.000001          
 378   2   1  3  0  0  3  0  0  0   16.14572090   -0.000142   0.0               
 379   2   1  3  1 -2  0 -1  0  0   16.17088473    0.000024   0.0               
 380   2   1  3  1  0  0 -1  0  0   16.18016836    0.000056   0.0               
 381   2   1  3  1  0  1 -1  0  0   16.18237476    0.000023   0.0               
 382   2   1  3  2 -2  0  0  0  0   16.21195533    0.000048   0.0               
 383   2   1  3  2 -2  1  0  0  0   16.21416174    0.000029   0.0               
 384   2   1  4 -5  1  0  1  0  0   16.48741877   -0.000017   0.0               
 385   2   1  4 -4  1  0  0  0  0   16.52848545   -0.000150   0.0               
 386   2   1  4 -4  1  1  0  0  0   16.53069186   -0.000029   0.0               
 387   2   1  4 -3 -1  0  1  0  0   16.56027243   -0.000057   0.0               
 388   2   1  4 -3 -1  1  1  0  0   16.56247883   -0.000011   0.0               
 389   2   1  4 -3  1  0  1  0  0   16.56955605   -0.000030   0.0               
 390   2   1  4 -3  1  1  1  0  0   16.57176246   -0.000017   0.0               
 391   2   1  4 -2 -1 -1  0  0  0   16.59913270   -0.000036   0.0               
 392   2   1  4 -2 -1  0  0  0  0   16.60133911   -0.000779   0.0               
 393   2   1  4 -2 -1  1  0  0  0   16.60354551   -0.000152   0.0               
 394   3   1  4 -2  0  0  0  0  0   16.60598092   -0.000066   0.0               
 395   3   1  4 -2  0  1  0  0  0   16.60818733   -0.000027   0.0               
 396   2   1  4 -2  1  0  0  0  0   16.61062273   -0.000590   0.0               
 397   2   1  4 -2  1  1  0  0  0   16.61282914   -0.000377   0.0               
 398   2   1  4 -2  1  2  0  0  0   16.61503555   -0.000076   0.0               
 399   2   1  4 -1 -1  0 -1  0  0   16.64240578    0.000012   0.0               
 400   2   1  4 -1 -1  0  1  0  0   16.64240971   -0.000029   0.0               
 401   2   1  4 -1 -1  1  1  0  0   16.64461611   -0.000018   0.0               
 402   2   1  4 -1  0  0  0  0  0   16.64704956    0.000015   0.0               
 403   2   1  4 -1  0  1  0  0  0   16.64925597    0.000010   0.0               
 404   2   1  4  0 -3  0  0  0  0   16.67419276   -0.000195   0.0               
 405   2   1  4  0 -3  1  0  0  0   16.67639917   -0.000039   0.0               
 406   3   1  4  0 -2  0  0  0  0   16.67883457   -0.000048   0.0               
 407   3   1  4  0 -2  1  0  0  0   16.68104098   -0.000019   0.0               
 408   2   1  4  0 -1  0  0  0  0   16.68347639   -0.003104   0.000005          
 409   2   1  4  0 -1  1  0  0  0   16.68568279   -0.001988   0.000002          
 410   2   1  4  0 -1  2  0  0  0   16.68788920   -0.000419   0.000001          
 411   3   1  4  0  0  0  0  0  0   16.68811820   -0.000091   0.0               
 412   2   1  4  0 -1  3  0  0  0   16.69009561   -0.000028   0.0               
 413   3   1  4  0  0  1  0  0  0   16.69032461   -0.000077   0.0               
 414   3   1  4  0  0  2  0  0  0   16.69253101   -0.000024   0.0               
 415   2   1  4  0  1  2  0  0  0   16.69717283    0.000012   0.0               
 416   2   1  4  1 -1  0 -1  0  0   16.72454306    0.000026   0.0               
 417   2   1  4  1 -1  1 -1  0  0   16.72674947    0.000014   0.0               
 418   2   1  4  2 -3  0  0  0  0   16.75633004    0.000010   0.0               
 419   2   1  5 -5  0  0  1  0  0   17.03179348   -0.000010   0.0               
 420   2   1  5 -4  0  0  0  0  0   17.07286016   -0.000074   0.0               
 421   2   1  5 -4  0  1  0  0  0   17.07506657   -0.000014   0.0               
 422   2   1  5 -4  2  0  0  0  0   17.08214379   -0.000015   0.0               
 423   2   1  5 -3  0  0  1  0  0   17.11393076   -0.000035   0.0               
 424   2   1  5 -3  0  1  1  0  0   17.11613717   -0.000021   0.0               
 425   2   1  5 -2 -2  0  0  0  0   17.14571381   -0.000093   0.0               
 426   2   1  5 -2 -2  1  0  0  0   17.14792022   -0.000018   0.0               
 427   3   1  5 -2 -1  0  0  0  0   17.15035563   -0.000015   0.0               
 428   2   1  5 -2  0  0  0  0  0   17.15499744   -0.000496   0.0               
 429   2   1  5 -2  0  1  0  0  0   17.15720385   -0.000317   0.0               
 430   2   1  5 -2  0  2  0  0  0   17.15941025   -0.000066   0.0               
 431   2   1  5  0 -4  0  0  0  0   17.21856746   -0.000016   0.0               
 432   2   1  5  0 -2  0  0  0  0   17.22785109   -0.000411   0.0               
 433   2   1  5  0 -2  1  0  0  0   17.23005750   -0.000263   0.0               
 434   2   1  5  0 -2  2  0  0  0   17.23226391   -0.000056   0.0               
 435   3   1  5  0 -1  0  0  0  0   17.23249291   -0.000025   0.0               
 436   3   1  5  0 -1  1  0  0  0   17.23469931   -0.000021   0.0               
 437   3   1  5  0 -1  2  0  0  0   17.23690572   -0.000006   0.0               
 438   2   1  6 -4 -1  0  0  0  0   17.61723487   -0.000015   0.0               
 439   2   1  6 -4  1  0  0  0  0   17.62651849   -0.000023   0.0               
 440   2   1  6 -4  1  1  0  0  0   17.62872490   -0.000015   0.0               
 441   2   1  6 -3 -1  0  1  0  0   17.65830547   -0.000009   0.0               
 442   2   1  6 -2 -3  0  0  0  0   17.69008852   -0.000010   0.0               
 443   2   1  6 -2 -1  0  0  0  0   17.69937215   -0.000120   0.0               
 444   2   1  6 -2 -1  1  0  0  0   17.70157855   -0.000077   0.0               
 445   2   1  6 -2 -1  2  0  0  0   17.70378496   -0.000016   0.0               
 446   2   1  6  0 -3  0  0  0  0   17.77222580   -0.000046   0.0               
 447   2   1  6  0 -3  1  0  0  0   17.77443220   -0.000030   0.0               
 448   2   1  7 -4  0  0  0  0  0   18.17089320   -0.000012   0.0               
 449   2   1  7 -2 -2  0  0  0  0   18.24374685   -0.000020   0.0               
 450   2   1  7 -2 -2  1  0  0  0   18.24595326   -0.000013   0.0               
 451   2   2 -6  2  4  0  0  0  0   25.79070966    0.000018   0.0               
 452   2   2 -6  4  2  0  0  0  0   25.86356331    0.000035   0.0               
 453   2   2 -6  6  0  0  0  0  0   25.93641696    0.000016   0.0               
 454   2   2 -5  0  5  0  0  0  0   26.26223071    0.000026   0.0               
 455   3   2 -5  2  2  0  0  0  0   26.33044255   -0.000017   0.0               
 456   2   2 -5  2  3  0  0  0  0   26.33508436    0.000151   0.0               
 457   2   2 -5  3  3  0 -1  0  0   26.37615104    0.000014   0.0               
 458   3   2 -5  4  0  0  0  0  0   26.40329620   -0.000009   0.0               
 459   2   2 -5  4  1  0  0  0  0   26.40793801    0.000183   0.0               
 460   2   2 -5  5  1  0 -1  0  0   26.44900469    0.000026   0.0               
 461   2   2 -5  6 -1  0  0  0  0   26.48079167    0.000036   0.0               
 462   3   2 -4  0  3  0  0  0  0   26.80196360   -0.000038   0.0               
 463   2   2 -4  0  4 -1  0  0  0   26.80439901   -0.000010   0.0               
 464   2   2 -4  0  4  0  0  0  0   26.80660542    0.000265   0.0               
 465   2   2 -4  1  2  0  1  0  0   26.83839239   -0.000027   0.0               
 466   3   2 -4  2  1 -1  0  0  0   26.87261085   -0.000014   0.0               
 467   3   2 -4  2  1  0  0  0  0   26.87481725   -0.000082   0.0               
 468   2   2 -4  2  2 -1  0  0  0   26.87725266   -0.000042   0.0               
 469   2   2 -4  2  2  0  0  0  0   26.87945907    0.001111   0.0               
 470   2   2 -4  3  0  0  1  0  0   26.91124604   -0.000017   0.0               
 471   2   2 -4  3  1  0  0  0  0   26.91588589   -0.000009   0.0               
 472   2   2 -4  3  2  0 -1  0  0   26.92052575    0.000092   0.0               
 473   3   2 -4  4 -1  0  0  0  0   26.94767091   -0.000016   0.0               
 474   2   2 -4  4  0 -1  0  0  0   26.95010631   -0.000026   0.0               
 475   2   2 -4  4  0  0  0  0  0   26.95231272    0.000689   0.0               
 476   2   2 -4  5  0  0 -1  0  0   26.99337940    0.000090   0.0               
 477   2   2 -4  6 -2  0  0  0  0   27.02516637    0.000042   0.0               
 478   2   2 -3 -2  5  0  0  0  0   27.27812647   -0.000011   0.0               
 479   2   2 -3 -1  3  0  1  0  0   27.30991344   -0.000049   0.0               
 480   2   2 -3  0  1 -2  0  0  0   27.33728368   -0.000022   0.0               
 481   4   2 -3  0  1 -1  0  0  0   27.33949009    0.000005   0.0               
 482   4   2 -3  0  1  0  0  0  0   27.34169649    0.000013   0.0               
 483   3   2 -3  0  2 -1  0  0  0   27.34413190   -0.000046   0.0               
 484   3   2 -3  0  2  0  0  0  0   27.34633831   -0.000270   0.0               
 485   2   2 -3  0  3 -1  0  0  0   27.34877372   -0.000097   0.0               
 486   2   2 -3  0  3  0  0  0  0   27.35098012    0.002589   0.0               
 487   2   2 -3  1  1  0  1  0  0   27.38276710   -0.000128   0.0               
 488   2   2 -3  1  2  0  0  0  0   27.38740695   -0.000041   0.0               
 489   2   2 -3  1  3  0 -1  0  0   27.39204680    0.000055   0.0               
 490   2   2 -3  2 -1 -2  0  0  0   27.41013733   -0.000028   0.0               
 491   3   2 -3  2  0 -1  0  0  0   27.41698555   -0.000046   0.0               
 492   3   2 -3  2  0  0  0  0  0   27.41919196   -0.000271   0.0               
 493   2   2 -3  2  1 -1  0  0  0   27.42162737   -0.000250   0.0               
 494   2   2 -3  2  1  0  0  0  0   27.42383377    0.006709   0.0               
 495   2   2 -3  3 -1  0  1  0  0   27.45562075   -0.000026   0.0               
 496   3   2 -3  3  0  0 -1  0  0   27.46025864   -0.000018   0.0               
 497   2   2 -3  3  0  0  0  0  0   27.46026060   -0.000032   0.0               
 498   2   2 -3  3  1 -1 -1  0  0   27.46269405   -0.000019   0.0               
 499   2   2 -3  3  1  0 -1  0  0   27.46490045    0.000508   0.0               
 500   3   2 -3  4 -2  0  0  0  0   27.49204561   -0.000010   0.0               
 501   2   2 -3  4 -1 -1  0  0  0   27.49448102   -0.000048   0.0               
 502   2   2 -3  4 -1  0  0  0  0   27.49668743    0.001296   0.0               
 503   2   2 -3  4  1  0 -2  0  0   27.50596713    0.000023   0.0               
 504   2   2 -3  5 -1  0 -1  0  0   27.53775411    0.000147   0.0               
 505   2   2 -3  6 -3  0  0  0  0   27.56954108    0.000019   0.0               
 506   2   2 -2 -2  2 -2  0  0  0   27.80880473   -0.000029   0.0               
 507   3   2 -2 -2  3  0  0  0  0   27.81785936    0.000008   0.0               
 508   2   2 -2 -2  4  0  0  0  0   27.82250118   -0.000086   0.0               
 509   3   2 -2 -1  1  0  1  0  0   27.84964634    0.000016   0.0               
 510   2   2 -2 -1  2 -1  1  0  0   27.85208174    0.000010   0.0               
 511   2   2 -2 -1  2  0  1  0  0   27.85428815   -0.000311   0.0               
 512   2   2 -2  0  0 -2  0  0  0   27.88165839   -0.000138   0.0               
 513   4   2 -2  0  0 -1  0  0  0   27.88386479    0.000014   0.0               
 514   4   2 -2  0  0  0  0  0  0   27.88607120    0.000036   0.0               
 515   3   2 -2  0  1 -2  0  0  0   27.88630020    0.000014   0.0               
 516   3   2 -2  0  1 -1  0  0  0   27.88850661   -0.000265   0.0               
 517   3   2 -2  0  1  0  0  0  0   27.89071301   -0.001562   0.0               
 518   2   2 -2  0  1  0  1  0  0   27.89071498    0.000046   0.0               
 519   2   2 -2  0  2 -1  0  0  0   27.89314842   -0.000859   0.0               
 520   2   2 -2  0  2  0  0  0  0   27.89535483    0.023009   0.000003          
 521   3   2 -2  0  3  0  0  0  0   27.89999664    0.000011   0.0               
 522   2   2 -2  1  0 -1  1  0  0   27.92493540    0.000013   0.0               
 523   3   2 -2  1  0  0  0  0  0   27.92713984    0.000008   0.0               
 524   2   2 -2  1  0  0  1  0  0   27.92714180   -0.000392   0.0               
 525   3   2 -2  1  1  0 -1  0  0   27.93177969   -0.000016   0.0               
 526   2   2 -2  1  1  0  0  0  0   27.93178165   -0.000246   0.0               
 527   2   2 -2  1  2 -1 -1  0  0   27.93421510   -0.000012   0.0               
 528   2   2 -2  1  2  0 -1  0  0   27.93642151    0.000356   0.0               
 529   2   2 -2  2 -2 -2  0  0  0   27.95451204   -0.000033   0.0               
 530   3   2 -2  2 -1 -1  0  0  0   27.96136026   -0.000050   0.0               
 531   3   2 -2  2 -1  0  0  0  0   27.96356667   -0.000292   0.0               
 532   2   2 -2  2  0 -2  0  0  0   27.96379567    0.000019   0.0               
 533   2   2 -2  2  0 -1  0  0  0   27.96600207   -0.001037  -0.000001          
 534   2   2 -2  2  0  0  0  0  0   27.96820848    0.027768   0.000002          
 535   3   2 -2  2  1  0  0  0  0   27.97285029    0.000032   0.0               
 536   2   2 -2  2  2  0  0  0  0   27.97749211    0.000013   0.0               
 537   2   2 -2  2  2  1  0  0  0   27.97969851   -0.000017   0.0               
 538   2   2 -2  3 -2  0  1  0  0   27.99999545   -0.000013   0.0               
 539   3   2 -2  3 -1  0 -1  0  0   28.00463335   -0.000014   0.0               
 540   2   2 -2  3 -1  0  0  0  0   28.00463531   -0.000064   0.0               
 541   2   2 -2  3  0 -1 -1  0  0   28.00706875   -0.000069   0.0               
 542   2   2 -2  3  0  0 -1  0  0   28.00927516    0.001874  -0.000003          
 543   2   2 -2  4 -2 -1  0  0  0   28.03885573   -0.000031   0.0               
 544   2   2 -2  4 -2  0  0  0  0   28.04106213    0.000848   0.0               
 545   3   2 -2  4 -1  0  0  0  0   28.04570395    0.000007   0.0               
 546   2   2 -2  4  0  0 -2  0  0   28.05034184    0.000090   0.0               
 547   2   2 -2  4  0  0  0  0  0   28.05034576    0.000016   0.0               
 548   2   2 -2  4  0  1  0  0  0   28.05255217   -0.000023   0.0               
 549   2   2 -2  5 -2  0 -1  0  0   28.08212881    0.000076   0.0               
 550   2   2 -1 -3  3  0  1  0  0   28.32580920   -0.000019   0.0               
 551   2   2 -1 -2  1 -2  0  0  0   28.35317944   -0.000147   0.0               
 552   2   2 -1 -2  1  0  2  0  0   28.35759618   -0.000012   0.0               
 553   3   2 -1 -2  2  0  0  0  0   28.36223407    0.000035   0.0               
 554   2   2 -1 -2  3 -1  0  0  0   28.36466947    0.000019   0.0               
 555   2   2 -1 -2  3  0  0  0  0   28.36687588   -0.000560   0.0               
 556   3   2 -1 -1  0  0  1  0  0   28.39402104    0.000029   0.0               
 557   2   2 -1 -1  1 -1  1  0  0   28.39645645    0.000047   0.0               
 558   2   2 -1 -1  1  0  1  0  0   28.39866286   -0.001463   0.000003          
 559   2   2 -1 -1  2  0  0  0  0   28.40330271    0.000040   0.0               
 560   2   2 -1  0 -1 -3  0  0  0   28.42382669    0.000025   0.0               
 561   2   2 -1  0 -1 -2  0  0  0   28.42603309   -0.000666   0.0               
 562   2   2 -1  0 -1  0  2  0  0   28.43044983   -0.000020   0.0               
 563   3   2 -1  0  0 -2  0  0  0   28.43067491    0.000052   0.0               
 564   3   2 -1  0  0 -1  0  0  0   28.43288131   -0.000967   0.0               
 565   3   2 -1  0  0  0  0  0  0   28.43508772   -0.005691   0.000002          
 566   2   2 -1  0  0  0  1  0  0   28.43508968    0.000140   0.0               
 567   2   2 -1  0  1 -2  0  0  0   28.43531672    0.000092   0.0               
 568   2   2 -1  0  1 -1  0  0  0   28.43752313   -0.006484  -0.000002          
 569   2   2 -1  0  1  0  0  0  0   28.43972953    0.173881   0.000015          
 570   4   2 -1  0  1  0  0  0  0   28.43972953    0.000015   0.0               
 571   3   2 -1  0  2  0  0  0  0   28.44437135    0.000103   0.0               
 572   3   2 -1  0  2  1  0  0  0   28.44657775    0.000018   0.0               
 573   2   2 -1  0  3  0  0  0  0   28.44901316    0.000042   0.0               
 574   2   2 -1  0  3  1  0  0  0   28.45121957    0.000011   0.0               
 575   2   2 -1  1 -1 -1  1  0  0   28.46931010    0.000011   0.0               
 576   2   2 -1  1 -1  0  1  0  0   28.47151651   -0.000323   0.0               
 577   2   2 -1  1  0 -1  0  0  0   28.47394995    0.000034   0.0               
 578   3   2 -1  1  0  0 -1  0  0   28.47615440   -0.000024   0.0               
 579   2   2 -1  1  0  0  0  0  0   28.47615636   -0.000937   0.0               
 580   2   2 -1  1  1 -1 -1  0  0   28.47858981   -0.000052   0.0               
 581   2   2 -1  1  1  0 -1  0  0   28.48079621    0.001625  -0.000002          
 582   3   2 -1  2 -2  0  0  0  0   28.50794137    0.000012   0.0               
 583   2   2 -1  2 -1 -2  0  0  0   28.50817037    0.000016   0.0               
 584   2   2 -1  2 -1 -1  0  0  0   28.51037678   -0.001232   0.000001          
 585   2   2 -1  2 -1  0  0  0  0   28.51258319    0.033027   0.000002          
 586   3   2 -1  2  0 -1  0  0  0   28.51501859   -0.000008   0.0               
 587   3   2 -1  2  0  0  0  0  0   28.51722500    0.000144   0.0               
 588   2   2 -1  2  1  0 -2  0  0   28.52186289    0.000028   0.0               
 589   2   2 -1  2  1  0  0  0  0   28.52186681    0.000169   0.0               
 590   2   2 -1  2  1  1  0  0  0   28.52407322   -0.000116   0.0               
 591   2   2 -1  2  1  2  0  0  0   28.52627963   -0.000013   0.0               
 592   2   2 -1  3 -2  0  0  0  0   28.54901001   -0.000009   0.0               
 593   2   2 -1  3 -1 -1 -1  0  0   28.55144346   -0.000056   0.0               
 594   2   2 -1  3 -1  0 -1  0  0   28.55364987    0.001525  -0.000002          
 595   3   2 -1  3  0  0 -1  0  0   28.55829168    0.000010   0.0               
 596   2   2 -1  3  1  0 -1  0  0   28.56293349    0.000011   0.0               
 597   2   2 -1  4 -1  0 -2  0  0   28.59471654    0.000055   0.0               
 598   2   2 -1  4 -1  0  0  0  0   28.59472047    0.000033   0.0               
 599   2   2 -1  4 -1  1  0  0  0   28.59692687   -0.000021   0.0               
 600   2   2  0 -3  0 -2  1  0  0   28.85648747   -0.000016   0.0               
 601   2   2  0 -3  2  0  1  0  0   28.87018391   -0.000110   0.0               
 602   2   2  0 -2  0 -3  0  0  0   28.89534774    0.000013   0.0               
 603   2   2  0 -2  0 -2  0  0  0   28.89755415   -0.000394   0.0               
 604   2   2  0 -2  0  0  2  0  0   28.90197088   -0.000030   0.0               
 605   3   2  0 -2  1 -1  0  0  0   28.90440237    0.000017   0.0               
 606   3   2  0 -2  1  0  0  0  0   28.90660877    0.000079   0.0               
 607   2   2  0 -2  2 -1  0  0  0   28.90904418    0.000095   0.0               
 608   2   2  0 -2  2  0  0  0  0   28.91125059   -0.002728  -0.000001          
 609   2   2  0 -1  0 -1  1  0  0   28.94083115    0.000074   0.0               
 610   2   2  0 -1  0  0  1  0  0   28.94303756   -0.003123   0.000008          
 611   2   2  0 -1  1  0  0  0  0   28.94767741    0.000137   0.0               
 612   2   2  0 -1  2  0 -1  0  0   28.95231727   -0.000016   0.0               
 613   2   2  0  0 -2 -2  0  0  0   28.97040780    0.000032   0.0               
 614   3   2  0  0 -1 -1  0  0  0   28.97725602    0.000055   0.0               
 615   3   2  0  0 -1  0  0  0  0   28.97946243    0.000322   0.0               
 616   2   2  0  0  0 -2  0  0  0   28.97969143    0.000472   0.0               
 617   2   2  0  0  0 -1  0  0  0   28.98189783   -0.033885   0.000020          
 618   4   2  0  0  0 -1  0  0  0   28.98189783   -0.000016   0.0               
 619   2   2  0  0  0  0  0  0  0   28.98410424    0.908184   0.000086          
 620   4   2  0  0  0  0  0  0  0   28.98410424    0.000062   0.0               
 621   2   2  0  0  0  1  0  0  0   28.98631065    0.000019   0.0               
 622   4   2  0  0  0  1  0  0  0   28.98631065   -0.000014   0.0               
 623   3   2  0  0  1 -1  0  0  0   28.98653965   -0.000051   0.0               
 624   2   2  0  0  1  0 -1  0  0   28.98874409   -0.000010   0.0               
 625   3   2  0  0  1  0  0  0  0   28.98874605    0.000858   0.0               
 626   3   2  0  0  1  1  0  0  0   28.99095246    0.000163   0.0               
 627   2   2  0  0  2 -1  0  0  0   28.99118146   -0.000010   0.0               
 628   3   2  0  0  1  2  0  0  0   28.99315887   -0.000007   0.0               
 629   2   2  0  0  2  0  0  0  0   28.99338787    0.000525  -0.000001          
 630   2   2  0  0  2  1  0  0  0   28.99559427    0.000189   0.0               
 631   2   2  0  0  2  2  0  0  0   28.99780068    0.000036   0.0               
 632   2   2  0  1 -2  0  1  0  0   29.01589121    0.000011   0.0               
 633   2   2  0  1 -1  0  0  0  0   29.02053107   -0.000032   0.0               
 634   2   2  0  1  0 -1 -1  0  0   29.02296451   -0.000057   0.0               
 635   2   2  0  1  0  0 -1  0  0   29.02517092    0.002749  -0.000007          
 636   2   2  0  1  0  0  1  0  0   29.02517484   -0.000012   0.0               
 637   2   2  0  1  0  1  1  0  0   29.02738125    0.000017   0.0               
 638   3   2  0  1  1  0 -1  0  0   29.02981273    0.000007   0.0               
 639   2   2  0  1  1  0  0  0  0   29.02981469   -0.000009   0.0               
 640   2   2  0  2 -2 -1  0  0  0   29.05475149    0.000019   0.0               
 641   2   2  0  2 -2  0  0  0  0   29.05695789   -0.000518   0.0               
 642   3   2  0  2 -1 -1  0  0  0   29.05939330   -0.000010   0.0               
 643   3   2  0  2 -1  0  0  0  0   29.06159971    0.000167   0.0               
 644   3   2  0  2 -1  1  0  0  0   29.06380611    0.000034   0.0               
 645   2   2  0  2  0 -1  0  0  0   29.06403511   -0.000019   0.0               
 646   2   2  0  2  0  0 -2  0  0   29.06623760    0.000033   0.0               
 647   2   2  0  2  0  0  0  0  0   29.06624152    0.001066   0.0               
 648   2   2  0  2  0  1  0  0  0   29.06844793   -0.000510   0.0               
 649   2   2  0  2  0  2  0  0  0   29.07065433    0.000173   0.0               
 650   2   2  0  3 -2  0 -1  0  0   29.09802457   -0.000023   0.0               
 651   3   2  0  3 -1  0 -1  0  0   29.10266639    0.000008   0.0               
 652   2   2  0  3  0  0 -1  0  0   29.10730820    0.000070   0.0               
 653   2   2  0  3  0  1 -1  0  0   29.10951461   -0.000012   0.0               
 654   2   2  0  4 -2  0  0  0  0   29.13909517    0.000021   0.0               
 655   2   2  0  4 -2  1  0  0  0   29.14130158    0.000009   0.0               
 656   2   2  1 -4  1  0  2  0  0   29.37349194   -0.000013   0.0               
 657   2   2  1 -3  1 -1  1  0  0   29.41235221    0.000013   0.0               
 658   2   2  1 -3  1  0  1  0  0   29.41455862   -0.000321   0.0               
 659   2   2  1 -2 -1 -2  0  0  0   29.44192885    0.000022   0.0               
 660   3   2  1 -2  0 -1  0  0  0   29.44877707    0.000028   0.0               
 661   2   2  1 -2  1 -1  0  0  0   29.45341889    0.000300   0.0               
 662   2   2  1 -2  1  0  0  0  0   29.45562529   -0.006697   0.0               
 663   2   2  1 -1 -1  0  1  0  0   29.48741227   -0.000103   0.0               
 664   2   2  1 -1  0  0  0  0  0   29.49205212    0.000156   0.0               
 665   3   2  1 -1  0  0  1  0  0   29.49205408   -0.000010   0.0               
 666   2   2  1 -1  1  0 -1  0  0   29.49669197    0.000016   0.0               
 667   2   2  1 -1  1  0  1  0  0   29.49669590   -0.000033   0.0               
 668   2   2  1 -1  1  1  1  0  0   29.49890230   -0.000017   0.0               
 669   2   2  1  0 -1 -2  0  0  0   29.52406613   -0.000038   0.0               
 670   2   2  1  0 -1 -1  0  0  0   29.52627254    0.000939  -0.000001          
 671   2   2  1  0 -1  0  0  0  0   29.52847895   -0.025670  -0.000002          
 672   3   2  1  0  0 -1  0  0  0   29.53091435   -0.000311   0.0               
 673   2   2  1  0  0  0 -1  0  0   29.53311880   -0.000024   0.0               
 674   3   2  1  0  0  0  0  0  0   29.53312076    0.005250  -0.000001          
 675   3   2  1  0  0  1  0  0  0   29.53532717    0.000989   0.0               
 676   2   2  1  0  1 -1  0  0  0   29.53555617   -0.000119   0.0               
 677   3   2  1  0  0  2  0  0  0   29.53753357   -0.000035   0.0               
 678   2   2  1  0  1  0  0  0  0   29.53776257    0.006420  -0.000008          
 679   4   2  1  0  1  0  0  0  0   29.53776257    0.000006   0.0               
 680   2   2  1  0  1  1  0  0  0   29.53996898    0.002832  -0.000002          
 681   2   2  1  0  1  2  0  0  0   29.54217539    0.000400   0.0               
 682   2   2  1  1 -1  0 -1  0  0   29.56954562    0.000038   0.0               
 683   3   2  1  1  0  0 -1  0  0   29.57418744    0.000007   0.0               
 684   2   2  1  1  0  0  0  0  0   29.57418940   -0.000036   0.0               
 685   2   2  1  1  0  1  0  0  0   29.57639581   -0.000016   0.0               
 686   2   2  1  1  1  0 -1  0  0   29.57882925    0.000038   0.0               
 687   2   2  1  1  1  1 -1  0  0   29.58103566    0.000022   0.0               
 688   3   2  1  2 -2  0  0  0  0   29.60597441    0.000008   0.0               
 689   2   2  1  2 -1 -1  0  0  0   29.60840982   -0.000023   0.0               
 690   2   2  1  2 -1  0  0  0  0   29.61061623    0.001228  -0.000001          
 691   2   2  1  2 -1  1  0  0  0   29.61282263    0.000592   0.0               
 692   2   2  1  2 -1  2  0  0  0   29.61502904    0.000069   0.0               
 693   2   2  1  3 -1  0 -1  0  0   29.65168290    0.000052   0.0               
 694   2   2  1  3 -1  1 -1  0  0   29.65388931    0.000026   0.0               
 695   2   2  2 -5  0  0  3  0  0   29.87679996    0.000035   0.0               
 696   2   2  2 -4  0  0  2  0  0   29.91786664    0.001002  -0.000002          
 697   2   2  2 -2  0  0  0 -2  0   29.92479017    0.000011   0.0               
 698   2   2  2 -2  0  0  0  0 -2   29.94862323   -0.000021   0.0               
 699   2   2  2 -3  0 -1  1  0  0   29.95672691    0.000038   0.0               
 700   3   2  2 -3  0  0  0  0  0   29.95893136   -0.000007   0.0               
 701   2   2  2 -3  0  0  1  0  0   29.95893332    0.024701  -0.000059          
 702   2   2  2 -2  0  0  0 -1  0   29.96239508    0.000025   0.0               
 703   2   2  2 -2  0  0  0  0 -1   29.97431161    0.000013   0.0               
 704   2   2  2 -2  0 -2  0  0  0   29.99558719   -0.000030   0.0               
 705   2   2  2 -2  0 -1  0  0  0   29.99779359    0.000946  -0.000004          
 706   2   2  2 -2  0  0  0  0  0   30.00000000    0.422535   0.000040          
 707   3   2  2 -2  1  0  0  0  0   30.00464181    0.000053   0.0               
 708   3   2  2 -2  1  1  0  0  0   30.00684822    0.000010   0.0               
 709   2   2  2 -2  2  0  0  0  0   30.00928363    0.000057   0.0               
 710   2   2  2 -2  2  1  0  0  0   30.01149003    0.000025   0.0               
 711   2   2  2 -1  0 -1 -1  0  0   30.03886027   -0.000017   0.0               
 712   2   2  2 -1  0  0 -1  0  0   30.04106668   -0.003536   0.000010          
 713   2   2  2 -1  0  0  1  0  0   30.04107060    0.000899   0.0               
 714   2   2  2 -1  0  1  1  0  0   30.04327701   -0.000052   0.0               
 715   2   2  2 -1  0  2  1  0  0   30.04548342   -0.000012   0.0               
 716   2   2  2  0 -2 -1  0  0  0   30.07064725    0.000046   0.0               
 717   2   2  2  0 -2  0  0  0  0   30.07285365    0.000011   0.0               
 718   3   2  2  0 -1 -1  0  0  0   30.07528906   -0.000017   0.0               
 719   3   2  2  0 -1  0  0  0  0   30.07749547    0.000286   0.0               
 720   3   2  2  0 -1  1  0  0  0   30.07970187    0.000054   0.0               
 721   2   2  2  0  0 -1  0  0  0   30.07993087   -0.001472  -0.000002          
 722   2   2  2  0  0  0  0  0  0   30.08213728    0.114860  -0.000121          
 723   4   2  2  0  0  0  0  0  0   30.08213728    0.000042   0.0               
 724   2   2  2  0  0  1  0  0  0   30.08434369    0.034240  -0.000021          
 725   4   2  2  0  0  1  0  0  0   30.08434369    0.000016   0.0               
 726   2   2  2  0  0  2  0  0  0   30.08655009    0.003718  -0.000002          
 727   3   2  2  0  1  0  0  0  0   30.08677909    0.000026   0.0               
 728   3   2  2  0  1  1  0  0  0   30.08898550    0.000017   0.0               
 729   2   2  2  1  0  0 -1  0  0   30.12320396    0.000904  -0.000001          
 730   2   2  2  1  0  1 -1  0  0   30.12541037    0.000038   0.0               
 731   2   2  2  1  0  2 -1  0  0   30.12761677    0.000008   0.0               
 732   2   2  2  2 -2  0  0  0  0   30.15499093    0.000057   0.0               
 733   2   2  2  2 -2  1  0  0  0   30.15719734    0.000035   0.0               
 734   2   2  2  2  0  0 -2  0  0   30.16427064    0.000022   0.0               
 735   2   2  2  2  0  0  0  0  0   30.16427456    0.000782   0.0               
 736   2   2  2  2  0  1  0  0  0   30.16648097   -0.000041   0.0               
 737   2   2  2  2  0  2  0  0  0   30.16868737   -0.000031   0.0               
 738   2   2  2  3  0  0 -1  0  0   30.20534124    0.000045   0.0               
 739   2   2  3 -4  1 -1  0  0  0   30.46931465    0.000015   0.0               
 740   2   2  3 -4  1  0  0  0  0   30.47152105    0.000009   0.0               
 741   2   2  3 -3  0  0  0  0  0   30.50794788   -0.000032   0.0               
 742   2   2  3 -3  1  0  1  0  0   30.51259166    0.000053   0.0               
 743   2   2  3 -3  1  1  1  0  0   30.51479806    0.000022   0.0               
 744   2   2  3 -2 -1 -1  0  0  0   30.54216830    0.000080   0.0               
 745   2   2  3 -2 -1  0  0  0  0   30.54437471    0.000065   0.0               
 746   3   2  3 -2  0  0  0  0  0   30.54901652    0.000060   0.0               
 747   3   2  3 -2  0  1  0  0  0   30.55122293    0.000011   0.0               
 748   2   2  3 -2  1 -1  0  0  0   30.55145193   -0.000025   0.0               
 749   2   2  3 -2  1  0  0  0  0   30.55365833    0.001228  -0.000001          
 750   2   2  3 -2  1  1  0  0  0   30.55586474    0.000535   0.0               
 751   2   2  3 -2  1  2  0  0  0   30.55807115    0.000058   0.0               
 752   2   2  3 -1 -1  0  1  0  0   30.58544531    0.000040   0.0               
 753   2   2  3 -1 -1  1  1  0  0   30.58765171    0.000014   0.0               
 754   2   2  3 -1  0  0  0  0  0   30.59008516   -0.000035   0.0               
 755   2   2  3 -1  0  1  0  0  0   30.59229157   -0.000014   0.0               
 756   2   2  3 -1  1  0 -1  0  0   30.59472501   -0.000009   0.0               
 757   3   2  3  0 -2  0  0  0  0   30.62187017    0.000022   0.0               
 758   2   2  3  0 -1 -1  0  0  0   30.62430558   -0.000121   0.0               
 759   2   2  3  0 -1  0  0  0  0   30.62651199    0.006422  -0.000007          
 760   4   2  3  0 -1  0  0  0  0   30.62651199    0.000006   0.0               
 761   2   2  3  0 -1  1  0  0  0   30.62871839    0.002799  -0.000003          
 762   3   2  3  0  0 -1  0  0  0   30.62894739   -0.000011   0.0               
 763   2   2  3  0 -1  2  0  0  0   30.63092480    0.000307  -0.000001          
 764   3   2  3  0  0  0  0  0  0   30.63115380    0.000484   0.0               
 765   3   2  3  0  0  1  0  0  0   30.63336021    0.000311   0.0               
 766   3   2  3  0  0  2  0  0  0   30.63556661    0.000064   0.0               
 767   2   2  3  0  1  0  0  0  0   30.63579561   -0.000047   0.0               
 768   2   2  3  0  1  1  0  0  0   30.63800202   -0.000040   0.0               
 769   2   2  3  0  1  2  0  0  0   30.64020843   -0.000037   0.0               
 770   2   2  3  0  1  3  0  0  0   30.64241483   -0.000012   0.0               
 771   2   2  3  1 -1  0 -1  0  0   30.66757866   -0.000033   0.0               
 772   2   2  3  1 -1  1 -1  0  0   30.66978507   -0.000011   0.0               
 773   2   2  3  2 -1  0  0  0  0   30.70864927   -0.000012   0.0               
 774   2   2  3  2 -1  1  0  0  0   30.71085567   -0.000013   0.0               
 775   2   2  4 -4  0 -1  0  0  0   31.01368935    0.000013   0.0               
 776   2   2  4 -4  2  0  0  0  0   31.02517939    0.000020   0.0               
 777   2   2  4 -4  2  1  0  0  0   31.02738579    0.000009   0.0               
 778   2   2  4 -3  0  0  1  0  0   31.05696636    0.000070   0.0               
 779   2   2  4 -3  0  1  1  0  0   31.05917277    0.000030   0.0               
 780   3   2  4 -2 -1  0  0  0  0   31.09339123    0.000008   0.0               
 781   2   2  4 -2  0 -1  0  0  0   31.09582663    0.000022   0.0               
 782   2   2  4 -2  0  0  0  0  0   31.09803304    0.001066   0.0               
 783   2   2  4 -2  0  1  0  0  0   31.10023945    0.000458   0.0               
 784   2   2  4 -2  0  2  0  0  0   31.10244585    0.000049   0.0               
 785   3   2  4 -2  1  0  0  0  0   31.10267485    0.000015   0.0               
 786   3   2  4 -2  1  1  0  0  0   31.10488126    0.000010   0.0               
 787   2   2  4 -1  0  0 -1  0  0   31.13909972   -0.000016   0.0               
 788   2   2  4  0 -2  0  0  0  0   31.17088669    0.000527   0.0               
 789   2   2  4  0 -2  1  0  0  0   31.17309310    0.000229   0.0               
 790   2   2  4  0 -2  2  0  0  0   31.17529951    0.000025   0.0               
 791   3   2  4  0 -1  0  0  0  0   31.17552851    0.000079   0.0               
 792   3   2  4  0 -1  1  0  0  0   31.17773491    0.000051   0.0               
 793   3   2  4  0 -1  2  0  0  0   31.17994132    0.000011   0.0               
 794   2   2  4  0  0  0  0  0  0   31.18017032    0.001682  -0.000002          
 795   2   2  4  0  0  1  0  0  0   31.18237673    0.001457  -0.000002          
 796   2   2  4  0  0  2  0  0  0   31.18458313    0.000472   0.0               
 797   2   2  4  0  0  3  0  0  0   31.18678954    0.000068   0.0               
 798   2   2  5 -4  1  0  0  0  0   31.56955409    0.000033   0.0               
 799   2   2  5 -4  1  1  0  0  0   31.57176050    0.000014   0.0               
 800   2   2  5 -3 -1  0  1  0  0   31.60134107    0.000013   0.0               
 801   2   2  5 -2 -1  0  0  0  0   31.64240775    0.000169   0.0               
 802   2   2  5 -2 -1  1  0  0  0   31.64461415    0.000072   0.0               
 803   3   2  5 -2  0  0  0  0  0   31.64704956    0.000013   0.0               
 804   3   2  5 -2  0  1  0  0  0   31.64925597    0.000008   0.0               
 805   2   2  5 -2  1  0  0  0  0   31.65169137    0.000061   0.0               
 806   2   2  5 -2  1  1  0  0  0   31.65389778    0.000053   0.0               
 807   2   2  5 -2  1  2  0  0  0   31.65610419    0.000017   0.0               
 808   2   2  5  0 -3  0  0  0  0   31.71526140    0.000042   0.0               
 809   2   2  5  0 -3  1  0  0  0   31.71746781    0.000018   0.0               
 810   3   2  5  0 -2  0  0  0  0   31.71990321    0.000009   0.0               
 811   2   2  5  0 -1  0  0  0  0   31.72454503    0.000322   0.0               
 812   2   2  5  0 -1  1  0  0  0   31.72675143    0.000279   0.0               
 813   2   2  5  0 -1  2  0  0  0   31.72895784    0.000091   0.0               
 814   3   2  5  0  0  0  0  0  0   31.72918684    0.000010   0.0               
 815   2   2  5  0 -1  3  0  0  0   31.73116425    0.000013   0.0               
 816   3   2  5  0  0  1  0  0  0   31.73139325    0.000011   0.0               
 817   2   2  6 -4  0  0  0  0  0   32.11392880    0.000016   0.0               
 818   2   2  6 -2 -2  0  0  0  0   32.18678245    0.000020   0.0               
 819   2   2  6 -2 -2  1  0  0  0   32.18898886    0.000009   0.0               
 820   2   2  6 -2  0  0  0  0  0   32.19606608    0.000052   0.0               
 821   2   2  6 -2  0  1  0  0  0   32.19827249    0.000045   0.0               
 822   2   2  6 -2  0  2  0  0  0   32.20047889    0.000014   0.0               
 823   2   2  6  0 -2  0  0  0  0   32.26891973    0.000043   0.0               
 824   2   2  6  0 -2  1  0  0  0   32.27112614    0.000037   0.0               
 825   2   2  6  0 -2  2  0  0  0   32.27333255    0.000012   0.0               
 826   2   2  7 -2 -1  0  0  0  0   32.74044079    0.000013   0.0               
 827   2   2  7 -2 -1  1  0  0  0   32.74264719    0.000011   0.0               
 828   3   3 -4  0  4  0  0  0  0   41.29865754   -0.000010   0.0               
 829   3   3 -4  2  2  0  0  0  0   41.37151119   -0.000035   0.0               
 830   3   3 -4  4  0  0  0  0  0   41.44436484   -0.000019   0.0               
 831   4   3 -3  0  2  0  0  0  0   41.83839043    0.000007   0.0               
 832   3   3 -3  0  3  0  0  0  0   41.84303224   -0.000079   0.0               
 833   4   3 -3  2  0  0  0  0  0   41.91124408    0.000006   0.0               
 834   3   3 -3  2  1 -1  0  0  0   41.91367949    0.000010   0.0               
 835   3   3 -3  2  1  0  0  0  0   41.91588589   -0.000171   0.0               
 836   3   3 -3  3  1  0 -1  0  0   41.95695257   -0.000013   0.0               
 837   3   3 -3  4 -1  0  0  0  0   41.98873955   -0.000033   0.0               
 838   3   3 -2 -1  2  0  1  0  0   42.34634027    0.000009   0.0               
 839   4   3 -2  0  1 -1  0  0  0   42.38055873    0.000005   0.0               
 840   4   3 -2  0  1  0  0  0  0   42.38276513    0.000031   0.0               
 841   3   3 -2  0  2 -1  0  0  0   42.38520054    0.000032   0.0               
 842   3   3 -2  0  2  0  0  0  0   42.38740695   -0.000565   0.0               
 843   3   3 -2  1  0  0  1  0  0   42.41919392    0.000009   0.0               
 844   3   3 -2  1  2  0 -1  0  0   42.42847363   -0.000010   0.0               
 845   4   3 -2  2 -1  0  0  0  0   42.45561879    0.000006   0.0               
 846   3   3 -2  2  0 -1  0  0  0   42.45805419    0.000032   0.0               
 847   3   3 -2  2  0  0  0  0  0   42.46026060   -0.000567   0.0               
 848   3   3 -2  3  0  0 -1  0  0   42.50132728   -0.000038   0.0               
 849   3   3 -2  4 -2  0  0  0  0   42.53311425   -0.000020   0.0               
 850   3   3 -1 -2  3  0  0  0  0   42.85892800    0.000017   0.0               
 851   3   3 -1 -1  1  0  1  0  0   42.89071498    0.000033   0.0               
 852   3   3 -1  0 -1 -2  0  0  0   42.91808521    0.000012   0.0               
 853   4   3 -1  0  0 -1  0  0  0   42.92493343    0.000013   0.0               
 854   4   3 -1  0  0  0  0  0  0   42.92713984    0.000088   0.0               
 855   3   3 -1  0  1 -1  0  0  0   42.92957525    0.000183   0.0               
 856   3   3 -1  0  1  0  0  0  0   42.93178165   -0.003260  -0.000001          
 857   3   3 -1  1 -1  0  1  0  0   42.96356863    0.000007   0.0               
 858   3   3 -1  1  0  0  0  0  0   42.96820848    0.000017   0.0               
 859   3   3 -1  1  1  0 -1  0  0   42.97284833   -0.000035   0.0               
 860   3   3 -1  2 -1 -1  0  0  0   43.00242890    0.000034   0.0               
 861   3   3 -1  2 -1  0  0  0  0   43.00463531   -0.000609   0.0               
 862   3   3 -1  2  1  0  0  0  0   43.01391893   -0.000009   0.0               
 863   3   3 -1  3 -1  0 -1  0  0   43.04570199   -0.000029   0.0               
 864   3   3  0 -2  0 -2  0  0  0   43.38960627    0.000007   0.0               
 865   3   3  0 -2  2  0  0  0  0   43.40330271    0.000073   0.0               
 866   3   3  0 -1  0  0  1  0  0   43.43508968    0.000061   0.0               
 867   4   3  0  0 -1  0  0  0  0   43.47151455   -0.000007   0.0               
 868   3   3  0  0  0 -2  0  0  0   43.47174355   -0.000015   0.0               
 869   3   3  0  0  0 -1  0  0  0   43.47394995    0.000665   0.0               
 870   3   3  0  0  0  0  0  0  0   43.47615636   -0.011881  -0.000002          
 871   4   3  0  0  1  0  0  0  0   43.48079817   -0.000019   0.0               
 872   3   3  0  0  2  0  0  0  0   43.48543999   -0.000030   0.0               
 873   3   3  0  0  2  1  0  0  0   43.48764639   -0.000013   0.0               
 874   3   3  0  1  0  0 -1  0  0   43.51722304   -0.000055   0.0               
 875   3   3  0  2 -2  0  0  0  0   43.54901001    0.000026   0.0               
 876   3   3  0  2  0  0  0  0  0   43.55829364   -0.000042   0.0               
 877   3   3  1 -3  1  0  1  0  0   43.90661074    0.000008   0.0               
 878   3   3  1 -2  1 -1  0  0  0   43.94547101   -0.000012   0.0               
 879   3   3  1 -2  1  0  0  0  0   43.94767741    0.000166   0.0               
 880   3   3  1  0 -1 -1  0  0  0   44.01832466   -0.000038   0.0               
 881   3   3  1  0 -1  0  0  0  0   44.02053107    0.000673   0.0               
 882   4   3  1  0  0 -1  0  0  0   44.02296647    0.000007   0.0               
 883   4   3  1  0  0  0  0  0  0   44.02517288   -0.000077   0.0               
 884   4   3  1  0  0  1  0  0  0   44.02737929   -0.000014   0.0               
 885   3   3  1  0  1 -1  0  0  0   44.02760829    0.000010   0.0               
 886   3   3  1  0  1  0  0  0  0   44.02981469   -0.000253   0.0               
 887   3   3  1  0  1  1  0  0  0   44.03202110   -0.000112   0.0               
 888   3   3  1  0  1  2  0  0  0   44.03422751   -0.000014   0.0               
 889   3   3  1  2 -1  0  0  0  0   44.10266835   -0.000049   0.0               
 890   3   3  1  2 -1  1  0  0  0   44.10487475   -0.000023   0.0               
 891   3   3  2 -2  0 -1  0  0  0   44.48984571   -0.000019   0.0               
 892   3   3  2  0  0 -1  0  0  0   44.57198299    0.000058   0.0               
 893   3   3  2  0  0  0  0  0  0   44.57418940   -0.001548   0.0               
 894   3   3  2  0  0  1  0  0  0   44.57639581   -0.000679   0.0               
 895   3   3  2  0  0  2  0  0  0   44.57860221   -0.000074   0.0               
 896   3   3  3 -3  0  0  0  0  0   45.00000000   -0.000014   0.0               
 897   3   3  3 -2  1  0  0  0  0   45.04571045   -0.000016   0.0               
 898   3   3  3 -2  1  1  0  0  0   45.04791686   -0.000007   0.0               
 899   3   3  3  0 -1  0  0  0  0   45.11856411   -0.000084   0.0               
 900   3   3  3  0 -1  1  0  0  0   45.12077051   -0.000037   0.0               
 901   4   3  3  0  0  0  0  0  0   45.12320592   -0.000011   0.0               
 902   4   3  3  0  0  1  0  0  0   45.12541233   -0.000007   0.0               
 903   3   3  4 -2  0  0  0  0  0   45.59008516   -0.000018   0.0               
 904   3   3  4 -2  0  1  0  0  0   45.59229157   -0.000008   0.0               
 905   3   3  4  0  0  0  0  0  0   45.67222244   -0.000067   0.0               
 906   3   3  4  0  0  1  0  0  0   45.67442885   -0.000058   0.0               
 907   3   3  4  0  0  2  0  0  0   45.67663525   -0.000019   0.0               
 908   3   3  5  0 -1  0  0  0  0   46.21659715   -0.000011   0.0               
 909   3   3  5  0 -1  1  0  0  0   46.21880355   -0.000010   0.0               
 910   4   4 -2  0  2  0  0  0  0   56.87945907    0.000012   0.0               
 911   4   4 -2  2  0  0  0  0  0   56.95231272    0.000011   0.0               
 912   4   4 -1  0  1  0  0  0  0   57.42383377    0.000058   0.0               
 913   4   4 -1  2 -1  0  0  0  0   57.49668743    0.000011   0.0               
 914   4   4  0  0  0 -1  0  0  0   57.96600207   -0.000012   0.0               
 915   4   4  0  0  0  0  0  0  0   57.96820848    0.000162   0.0               
 916   4   4  1  0 -1  0  0  0  0   58.51258319   -0.000014   0.0               
 917   4   4  1  0  1  0  0  0  0   58.52186681    0.000007   0.0               
 918   4   4  2  0  0  0  0  0  0   59.06624152    0.000028   0.0               
 919   4   4  2  0  0  1  0  0  0   59.06844793    0.000013   0.0               
