   1   2   1 -5  0  4  0  0         11.76553681    0.00011                      
   2   2   1 -5  2  2  0  0         11.83839044    0.00046                      
   3   2   1 -5  4  0  0  0         11.91124407    0.00028                      
   4   3   1 -4  0  2  0  0         12.30526966   -0.00010                      
   5   2   1 -4  0  3 -1  0         12.30770509    0.00020                      
   6   2   1 -4  0  3  0  0         12.30991150    0.00107                      
   7   2   1 -4  1  1  0  1         12.34169843   -0.00005                      
   8   3   1 -4  2  0  0  0         12.37812327   -0.00010                      
   9   2   1 -4  2  1 -1  0         12.38055869    0.00053                      
  10   2   1 -4  2  1  0  0         12.38276510    0.00278                      
  11   2   1 -4  3  1  0 -1         12.42383178    0.00021                      
  12   2   1 -4  4 -1 -1  0         12.45341229    0.00010                      
  13   2   1 -4  4 -1  0  0         12.45561871    0.00054                      
  14   2   1 -4  5 -1  0 -1         12.49668539    0.00006                      
  15   2   1 -3 -1  2  0  1         12.81321951   -0.00013                      
  16   2   1 -3  0  0 -2  0         12.84058969   -0.00006                      
  17   3   1 -3  0  1 -1  0         12.84743794   -0.00023                      
  18   3   1 -3  0  1  0  0         12.84964436   -0.00058                      
  19   2   1 -3  0  2 -2  0         12.84987337   -0.00006                      
  20   2   1 -3  0  2 -1  0         12.85207978    0.00180                      
  21   2   1 -3  0  2  0  0         12.85428619    0.00955                      
  22   2   1 -3  1  0  0  1         12.88607312   -0.00016                      
  23   2   1 -3  1  1  0  0         12.89071299   -0.00010                      
  24   2   1 -3  1  2  0 -1         12.89535287    0.00015                      
  25   3   1 -3  2 -1  0  0         12.92249796   -0.00011                      
  26   2   1 -3  2  0 -2  0         12.92272697   -0.00007                      
  27   2   1 -3  2  0 -1  0         12.92493338    0.00217                      
  28   2   1 -3  2  0  0  0         12.92713980    0.01152                      
  29   2   1 -3  2  2  0  0         12.93642347   -0.00010                      
  30   2   1 -3  3  0 -1 -1         12.96600006    0.00014                      
  31   2   1 -3  3  0  0 -1         12.96820647    0.00078                      
  32   2   1 -3  4 -2 -1  0         12.99778699    0.00007                      
  33   2   1 -3  4 -2  0  0         12.99999340    0.00035                      
  34   2   1 -3  4  0  0  0         13.00927707   -0.00011                      
  35   2   1 -3  4  0  1  0         13.01148349    0.00005                      
  36   2   1 -2 -2  1 -2  0         13.31211078   -0.00006                      
  37   2   1 -2 -2  3  0  0         13.32580728   -0.00023                      
  38   2   1 -2 -1  1 -1  1         13.35538779   -0.00010                      
  39   2   1 -2 -1  1  0  1         13.35759421   -0.00061                      
  40   2   1 -2  0 -1 -3  0         13.38275797   -0.00005                      
  41   2   1 -2  0 -1 -2  0         13.38496439   -0.00028                      
  42   3   1 -2  0  0 -2  0         13.38960622   -0.00007                      
  43   3   1 -2  0  0 -1  0         13.39181264   -0.00083                      
  44   3   1 -2  0  0  0  0         13.39401905   -0.00211                      
  45   2   1 -2  0  0  0  1         13.39402101    0.00006                      
  46   2   1 -2  0  1 -2  0         13.39424806   -0.00041                      
  47   2   1 -2  0  1 -1  0         13.39645447    0.01360                      
  48   2   1 -2  0  1  0  0         13.39866089    0.07217                      
  49   3   1 -2  0  2  0  0         13.40330272   -0.00013                      
  50   2   1 -2  0  3  0  0         13.40794456   -0.00020                      
  51   2   1 -2  1 -1  0  1         13.43044781   -0.00014                      
  52   2   1 -2  1  0 -1  0         13.43288127   -0.00007                      
  53   2   1 -2  1  0  0  0         13.43508769   -0.00039                      
  54   2   1 -2  1  1 -1 -1         13.43752115    0.00011                      
  55   2   1 -2  1  1  0 -1         13.43972756    0.00066                      
  56   2   1 -2  2 -1 -2  0         13.46710166   -0.00008                      
  57   2   1 -2  2 -1 -1  0         13.46930808    0.00258                      
  58   2   1 -2  2 -1  0  0         13.47151449    0.01371                      
  59   3   1 -2  2  0  0  0         13.47615633   -0.00018                      
  60   2   1 -2  2  1  0  0         13.48079816   -0.00079                      
  61   2   1 -2  2  1  1  0         13.48300458    0.00024                      
  62   2   1 -2  3 -1 -1 -1         13.51037475    0.00012                      
  63   2   1 -2  3 -1  0 -1         13.51258117    0.00063                      
  64   2   1 -2  3  1  0 -1         13.52186484   -0.00006                      
  65   2   1 -2  4 -1  0  0         13.55365177   -0.00017                      
  66   2   1 -1 -2  0 -2  0         13.85648547   -0.00016                      
  67   2   1 -1 -2  2 -1  0         13.86797556   -0.00020                      
  68   2   1 -1 -2  2  0  0         13.87018197   -0.00113                      
  69   2   1 -1 -1  0 -1  1         13.89976249   -0.00015                      
  70   2   1 -1 -1  0  0  1         13.90196890   -0.00130                      
  71   2   1 -1 -1  1  0  0         13.90660878    0.00006                      
  72   3   1 -1  0 -1  0  0         13.93839374    0.00012                      
  73   2   1 -1  0  0 -2  0         13.93862275   -0.00218                      
  74   2   1 -1  0  0 -1  0         13.94082917    0.07106                      
  75   2   1 -1  0  0  0  0         13.94303558    0.37694                      
  76   3   1 -1  0  1 -1  0         13.94547100    0.00016                      
  77   3   1 -1  0  1  0  0         13.94767742   -0.00108                      
  78   3   1 -1  0  1  1  0         13.94988383    0.00014                      
  79   2   1 -1  0  2 -1  0         13.95011284    0.00007                      
  80   2   1 -1  0  2  0  0         13.95231925   -0.00243                      
  81   2   1 -1  0  2  1  0         13.95452567   -0.00039                      
  82   2   1 -1  1  0 -1 -1         13.98189584    0.00012                      
  83   2   1 -1  1  0  0 -1         13.98410226    0.00109                      
  84   2   1 -1  2 -2  0  0         14.01588918   -0.00022                      
  85   3   1 -1  2 -1  0  0         14.02053102   -0.00021                      
  86   2   1 -1  2  0 -1  0         14.02296644    0.00014                      
  87   2   1 -1  2  0  0  0         14.02517286   -0.00493                      
  88   2   1 -1  2  0  1  0         14.02737927    0.00107                      
  89   2   1 -1  2  0  2  0         14.02958568    0.00007                      
  90   2   1 -1  3  0  0 -1         14.06623953   -0.00033                      
  91   2   1 -1  4 -2  0  0         14.09802646   -0.00009                      
  92   2   1  0 -3  1  0  1         14.37348999   -0.00013                      
  93   2   1  0 -2  1 -1  0         14.41235025   -0.00063                      
  94   2   1  0 -2  1  0  0         14.41455667   -0.00278                      
  95   2   1  0 -1  0  0  0         14.45098347    0.00006                      
  96   2   1  0 -1  1  0  1         14.45562727    0.00015                      
  97   2   1  0  0 -1 -2  0         14.48299745    0.00017                      
  98   2   1  0  0 -1 -1  0         14.48520386   -0.00197                      
  99   2   1  0  0 -1  0  0         14.48741027   -0.01066                      
 100   3   1  0  0  0 -1  0         14.48984570    0.00098                      
 101   3   1  0  0  0  0  0         14.49205211   -0.00660                      
 102   3   1  0  0  0  1  0         14.49425852    0.00086                      
 103   2   1  0  0  1 -1  0         14.49448753    0.00086                      
 104   2   1  0  0  1  0  0         14.49669395   -0.02964                      
 105   2   1  0  0  1  1  0         14.49890036   -0.00594                      
 106   2   1  0  0  1  2  0         14.50110677    0.00016                      
 107   2   1  0  1  0  0  0         14.53312075    0.00017                      
 108   2   1  0  1  1  0 -1         14.53776062   -0.00018                      
 109   2   1  0  2 -1 -1  0         14.56734114    0.00016                      
 110   2   1  0  2 -1  0  0         14.56954755   -0.00567                      
 111   2   1  0  2 -1  1  0         14.57175396   -0.00124                      
 112   2   1  0  3 -1  0 -1         14.61061423   -0.00024                      
 113   2   1  0  3 -1  1 -1         14.61282064   -0.00006                      
 114   2   1  1 -4  0  0  2         14.87679800    0.00042                      
 115   2   1  1 -3  0 -1  1         14.91565827   -0.00008                      
 116   2   1  1 -3  0  0  1         14.91786468    0.01028                      
 117   2   1  1 -2  0 -2  0         14.95451853    0.00014                      
 118   2   1  1 -2  0 -1  0         14.95672495   -0.00197                      
 119   2   1  1 -2  0  0  0         14.95893136    0.17543                      
 120   2   1  1 -2  0  0  2         14.95893528   -0.00007                      
 121   3   1  1 -2  1  0  0         14.96357320   -0.00007                      
 122   2   1  1 -2  2  0  0         14.96821503   -0.00026                      
 123   2   1  1 -2  2  1  0         14.97042145   -0.00005                      
 124   2   1  1 -1  0  0 -1         14.99999804   -0.00147                      
 125   2   1  1 -1  0  0  1         15.00000196   -0.00416                      
 126   2   1  1 -1  0  1  1         15.00220837    0.00011                      
 127   2   1  1  0 -2 -1  0         15.02957855   -0.00010                      
 128   3   1  1  0 -1 -1  0         15.03422039    0.00005                      
 129   3   1  1  0 -1  0  0         15.03642680   -0.00036                      
 130   2   1  1  0  0 -2  0         15.03665581   -0.00006                      
 131   3   1  1  0 -1  1  0         15.03863321    0.00005                      
 132   2   1  1  0  0 -1  0         15.03886223    0.01051                      
 133   2   1  1  0  0  0  0         15.04106864   -0.53011                      
 134   2   1  1  0  0  1  0         15.04327505   -0.07186                      
 135   2   1  1  0  0  2  0         15.04548146    0.00155                      
 136   3   1  1  0  1  0  0         15.04571048   -0.00013                      
 137   3   1  1  0  1  1  0         15.04791689   -0.00005                      
 138   2   1  1  1  0  0 -1         15.08213532   -0.00422                      
 139   2   1  1  1  0  1 -1         15.08434173   -0.00008                      
 140   2   1  1  2 -2  0  0         15.11392224   -0.00026                      
 141   2   1  1  2 -2  1  0         15.11612866   -0.00008                      
 142   2   1  1  2  0  0 -2         15.12320199   -0.00010                      
 143   2   1  1  2  0  0  0         15.12320592   -0.00755                      
 144   2   1  1  2  0  1  0         15.12541233    0.00029                      
 145   2   1  1  2  0  2  0         15.12761874    0.00014                      
 146   2   1  1  3  0  0 -1         15.16427259   -0.00044                      
 147   2   1  2 -3  1  0  1         15.47152305   -0.00024                      
 148   2   1  2 -2 -1 -1  0         15.50109964   -0.00017                      
 149   3   1  2 -2  0  0  0         15.50794789   -0.00008                      
 150   2   1  2 -2  1 -1  0         15.51038331    0.00018                      
 151   2   1  2 -2  1  0  0         15.51258973   -0.00567                      
 152   2   1  2 -2  1  1  0         15.51479614   -0.00113                      
 153   2   1  2 -1 -1  0  1         15.54437665   -0.00018                      
 154   2   1  2 -1  0  0  0         15.54901653    0.00016                      
 155   2   1  2  0 -1 -1  0         15.58323692    0.00087                      
 156   2   1  2  0 -1  0  0         15.58544333   -0.02964                      
 157   2   1  2  0 -1  1  0         15.58764974   -0.00587                      
 158   3   1  2  0  0 -1  0         15.58787876    0.00008                      
 159   2   1  2  0 -1  2  0         15.58985616    0.00014                      
 160   3   1  2  0  0  0  0         15.59008517   -0.00242                      
 161   3   1  2  0  0  1  0         15.59229158   -0.00098                      
 162   3   1  2  0  0  2  0         15.59449799   -0.00008                      
 163   2   1  2  0  1  0  0         15.59472701    0.00045                      
 164   2   1  2  0  1  1  0         15.59693342    0.00029                      
 165   2   1  2  0  1  2  0         15.59913983    0.00017                      
 166   2   1  2  1 -1  0 -1         15.62651001    0.00015                      
 167   2   1  2  2 -1  0  0         15.66758061    0.00012                      
 168   2   1  2  2 -1  1  0         15.66978702    0.00009                      
 169   2   1  3 -4  2  0  0         15.98411082   -0.00009                      
 170   2   1  3 -3  0  0  1         16.01589774   -0.00032                      
 171   2   1  3 -3  0  1  1         16.01810416   -0.00006                      
 172   2   1  3 -2  0 -1  0         16.05475801   -0.00016                      
 173   2   1  3 -2  0  0  0         16.05696442   -0.00492                      
 174   2   1  3 -2  0  1  0         16.05917083   -0.00096                      
 175   3   1  3 -2  1  0  0         16.06160626   -0.00008                      
 176   2   1  3 -1  0  0 -1         16.09803110    0.00010                      
 177   2   1  3  0 -2 -1  0         16.12761161    0.00006                      
 178   2   1  3  0 -2  0  0         16.12981802   -0.00243                      
 179   2   1  3  0 -2  1  0         16.13202444   -0.00048                      
 180   3   1  3  0 -1  0  0         16.13445986   -0.00039                      
 181   3   1  3  0 -1  1  0         16.13666627   -0.00016                      
 182   2   1  3  0  0  0  0         16.13910170   -0.01624                      
 183   2   1  3  0  0  1  0         16.14130811   -0.01039                      
 184   2   1  3  0  0  2  0         16.14351452   -0.00218                      
 185   2   1  3  0  0  3  0         16.14572094   -0.00014                      
 186   2   1  3  1  0  0 -1         16.18016838    0.00006                      
 187   2   1  4 -4  1  0  0         16.52848551   -0.00015                      
 188   2   1  4 -3 -1  0  1         16.56027244   -0.00006                      
 189   2   1  4 -2 -1  0  0         16.60133911   -0.00078                      
 190   2   1  4 -2 -1  1  0         16.60354553   -0.00015                      
 191   3   1  4 -2  0  0  0         16.60598095   -0.00007                      
 192   2   1  4 -2  1  0  0         16.61062279   -0.00059                      
 193   2   1  4 -2  1  1  0         16.61282920   -0.00038                      
 194   2   1  4 -2  1  2  0         16.61503561   -0.00008                      
 195   2   1  4  0 -3  0  0         16.67419272   -0.00019                      
 196   2   1  4  0 -1  0  0         16.68347639   -0.00311                      
 197   2   1  4  0 -1  1  0         16.68568280   -0.00199                      
 198   2   1  4  0 -1  2  0         16.68788922   -0.00041                      
 199   3   1  4  0  0  0  0         16.68811823   -0.00009                      
 200   3   1  4  0  0  1  0         16.69032464   -0.00008                      
 201   2   1  5 -2  0  0  0         17.15499744   -0.00050                      
 202   2   1  5 -2  0  1  0         17.15720385   -0.00032                      
 203   2   1  5  0 -2  0  0         17.22785108   -0.00041                      
 204   2   1  5  0 -2  1  0         17.23005749   -0.00027                      
 205   2   1  6 -2 -1  0  0         17.69937214   -0.00012                      
 206   2   2 -5  2  3  0  0         26.33508438    0.00015                      
 207   2   2 -5  4  1  0  0         26.40793802    0.00018                      
 208   2   2 -4  0  4  0  0         26.80660545    0.00027                      
 209   3   2 -4  2  1  0  0         26.87481721   -0.00008                      
 210   2   2 -4  2  2  0  0         26.87945905    0.00111                      
 211   2   2 -4  3  2  0 -1         26.92052573    0.00009                      
 212   2   2 -4  4  0  0  0         26.95231265    0.00069                      
 213   2   2 -4  5  0  0 -1         26.99337933    0.00009                      
 214   3   2 -3  0  2  0  0         27.34633830   -0.00027                      
 215   2   2 -3  0  3 -1  0         27.34877373   -0.00010                      
 216   2   2 -3  0  3  0  0         27.35098014    0.00259                      
 217   2   2 -3  1  1  0  1         27.38276706   -0.00013                      
 218   2   2 -3  1  3  0 -1         27.39204682    0.00006                      
 219   3   2 -3  2  0 -1  0         27.41698549   -0.00005                      
 220   3   2 -3  2  0  0  0         27.41919191   -0.00027                      
 221   2   2 -3  2  1 -1  0         27.42162733   -0.00025                      
 222   2   2 -3  2  1  0  0         27.42383374    0.00671                      
 223   2   2 -3  3  1  0 -1         27.46490042    0.00051                      
 224   2   2 -3  4 -1 -1  0         27.49448093   -0.00005                      
 225   2   2 -3  4 -1  0  0         27.49668735    0.00130                      
 226   2   2 -3  5 -1  0 -1         27.53775402    0.00015                      
 227   2   2 -2 -2  4  0  0         27.82250123   -0.00009                      
 228   2   2 -2 -1  2  0  1         27.85428815   -0.00031                      
 229   2   2 -2  0  0 -2  0         27.88165833   -0.00014                      
 230   3   2 -2  0  1 -1  0         27.88850658   -0.00027                      
 231   3   2 -2  0  1  0  0         27.89071299   -0.00156                      
 232   2   2 -2  0  2 -1  0         27.89314842   -0.00086                      
 233   2   2 -2  0  2  0  0         27.89535483    0.02301                      
 234   2   2 -2  1  0  0  1         27.92714176   -0.00039                      
 235   2   2 -2  1  1  0  0         27.93178163   -0.00025                      
 236   2   2 -2  1  2  0 -1         27.93642151    0.00036                      
 237   3   2 -2  2 -1 -1  0         27.96136019   -0.00005                      
 238   3   2 -2  2 -1  0  0         27.96356660   -0.00029                      
 239   2   2 -2  2  0 -1  0         27.96600202   -0.00104                      
 240   2   2 -2  2  0  0  0         27.96820844    0.02776                      
 241   2   2 -2  3 -1  0  0         28.00463524   -0.00007                      
 242   2   2 -2  3  0 -1 -1         28.00706870   -0.00007                      
 243   2   2 -2  3  0  0 -1         28.00927511    0.00188                      
 244   2   2 -2  4 -2  0  0         28.04106204    0.00085                      
 245   2   2 -2  4  0  0 -2         28.05034179    0.00007                      
 246   2   2 -2  5 -2  0 -1         28.08212872    0.00008                      
 247   2   2 -1 -2  1 -2  0         28.35317942   -0.00015                      
 248   2   2 -1 -2  3  0  0         28.36687592   -0.00056                      
 249   2   2 -1 -1  1 -1  1         28.39645643    0.00005                      
 250   2   2 -1 -1  1  0  1         28.39866285   -0.00147                      
 251   2   2 -1  0 -1 -2  0         28.42603302   -0.00067                      
 252   3   2 -1  0  0 -2  0         28.43067486    0.00005                      
 253   3   2 -1  0  0 -1  0         28.43288127   -0.00097                      
 254   3   2 -1  0  0  0  0         28.43508769   -0.00569                      
 255   2   2 -1  0  0  0  1         28.43508965    0.00014                      
 256   2   2 -1  0  1 -2  0         28.43531670    0.00009                      
 257   2   2 -1  0  1 -1  0         28.43752311   -0.00649                      
 258   2   2 -1  0  1  0  0         28.43972952    0.17386                      
 259   3   2 -1  0  2  0  0         28.44437136    0.00010                      
 260   2   2 -1  1 -1  0  1         28.47151645   -0.00032                      
 261   2   2 -1  1  0  0  0         28.47615633   -0.00094                      
 262   2   2 -1  1  1 -1 -1         28.47858979   -0.00005                      
 263   2   2 -1  1  1  0 -1         28.48079620    0.00163                      
 264   2   2 -1  2 -1 -1  0         28.51037672   -0.00123                      
 265   2   2 -1  2 -1  0  0         28.51258313    0.03302                      
 266   3   2 -1  2  0  0  0         28.51722497    0.00014                      
 267   2   2 -1  2  1  0  0         28.52186680    0.00014                      
 268   2   2 -1  2  1  1  0         28.52407322   -0.00012                      
 269   2   2 -1  3 -1 -1 -1         28.55144339   -0.00006                      
 270   2   2 -1  3 -1  0 -1         28.55364981    0.00153                      
 271   2   2  0 -3  2  0  1         28.87018394   -0.00011                      
 272   2   2  0 -2  0 -2  0         28.89755411   -0.00039                      
 273   3   2  0 -2  1  0  0         28.90660878    0.00008                      
 274   2   2  0 -2  2 -1  0         28.90904420    0.00009                      
 275   2   2  0 -2  2  0  0         28.91125061   -0.00273                      
 276   2   2  0 -1  0 -1  1         28.94083113    0.00007                      
 277   2   2  0 -1  0  0  1         28.94303754   -0.00313                      
 278   2   2  0 -1  1  0  0         28.94767742    0.00014                      
 279   3   2  0  0 -1 -1  0         28.97725597    0.00005                      
 280   3   2  0  0 -1  0  0         28.97946238    0.00032                      
 281   2   2  0  0  0 -2  0         28.97969139    0.00047                      
 282   2   2  0  0  0 -1  0         28.98189780   -0.03390                      
 283   2   2  0  0  0  0  0         28.98410422    0.90809                      
 284   3   2  0  0  1 -1  0         28.98653964   -0.00005                      
 285   3   2  0  0  1  0  0         28.98874605    0.00086                      
 286   3   2  0  0  1  1  0         28.99095247    0.00016                      
 287   2   2  0  0  2  0  0         28.99338789    0.00053                      
 288   2   2  0  0  2  1  0         28.99559430    0.00019                      
 289   2   2  0  1  0 -1 -1         29.02296448   -0.00006                      
 290   2   2  0  1  0  0 -1         29.02517090    0.00277                      
 291   2   2  0  2 -2  0  0         29.05695782   -0.00052                      
 292   3   2  0  2 -1  0  0         29.06159966    0.00017                      
 293   2   2  0  2  0  0  0         29.06624150    0.00104                      
 294   2   2  0  2  0  1  0         29.06844791   -0.00051                      
 295   2   2  0  2  0  2  0         29.07065432    0.00017                      
 296   2   2  0  3  0  0 -1         29.10730817    0.00007                      
 297   2   2  1 -3  1  0  1         29.41455863   -0.00032                      
 298   2   2  1 -2  1 -1  0         29.45341889    0.00030                      
 299   2   2  1 -2  1  0  0         29.45562531   -0.00670                      
 300   2   2  1 -1 -1  0  1         29.48741223   -0.00010                      
 301   2   2  1 -1  0  0  0         29.49205211    0.00016                      
 302   2   2  1  0 -1 -1  0         29.52627250    0.00094                      
 303   2   2  1  0 -1  0  0         29.52847891   -0.02567                      
 304   3   2  1  0  0 -1  0         29.53091433   -0.00031                      
 305   3   2  1  0  0  0  0         29.53312075    0.00525                      
 306   3   2  1  0  0  1  0         29.53532716    0.00099                      
 307   2   2  1  0  1 -1  0         29.53555617   -0.00012                      
 308   2   2  1  0  1  0  0         29.53776258    0.00643                      
 309   2   2  1  0  1  1  0         29.53996900    0.00283                      
 310   2   2  1  0  1  2  0         29.54217541    0.00040                      
 311   2   2  1  2 -1  0  0         29.61061619    0.00123                      
 312   2   2  1  2 -1  1  0         29.61282260    0.00059                      
 313   2   2  1  2 -1  2  0         29.61502901    0.00007                      
 314   2   2  2 -4  0  0  2         29.91786664    0.00101                      
 315   2   2  2 -3  0  0  1         29.95893332    0.02476                      
 316   2   2  2 -2  0 -1  0         29.99779359    0.00095                      
 317   2   2  2 -2  0  0  0         30.00000000    0.42248                      
 318   3   2  2 -2  1  0  0         30.00464184    0.00005                      
 319   2   2  2 -2  2  0  0         30.00928367    0.00006                      
 320   2   2  2 -1  0  0 -1         30.04106668   -0.00355                      
 321   2   2  2 -1  0  0  1         30.04107060    0.00090                      
 322   2   2  2 -1  0  1  1         30.04327701   -0.00005                      
 323   3   2  2  0 -1  0  0         30.07749544    0.00028                      
 324   3   2  2  0 -1  1  0         30.07970185    0.00005                      
 325   2   2  2  0  0 -1  0         30.07993086   -0.00147                      
 326   2   2  2  0  0  0  0         30.08213728    0.11498                      
 327   2   2  2  0  0  1  0         30.08434369    0.03426                      
 328   2   2  2  0  0  2  0         30.08655010    0.00372                      
 329   2   2  2  1  0  0 -1         30.12320396    0.00091                      
 330   2   2  2  2 -2  0  0         30.15499088    0.00005                      
 331   2   2  2  2  0  0  0         30.16427456    0.00076                      
 332   2   2  3 -3  1  0  1         30.51259169    0.00005                      
 333   2   2  3 -2 -1 -1  0         30.54216828    0.00008                      
 334   2   2  3 -2 -1  0  0         30.54437469    0.00006                      
 335   3   2  3 -2  0  0  0         30.54901653    0.00006                      
 336   2   2  3 -2  1  0  0         30.55365837    0.00123                      
 337   2   2  3 -2  1  1  0         30.55586478    0.00054                      
 338   2   2  3 -2  1  2  0         30.55807119    0.00006                      
 339   2   2  3  0 -1 -1  0         30.62430556   -0.00012                      
 340   2   2  3  0 -1  0  0         30.62651197    0.00643                      
 341   2   2  3  0 -1  1  0         30.62871838    0.00280                      
 342   2   2  3  0 -1  2  0         30.63092480    0.00030                      
 343   3   2  3  0  0  0  0         30.63115381    0.00048                      
 344   3   2  3  0  0  1  0         30.63336022    0.00031                      
 345   3   2  3  0  0  2  0         30.63556663    0.00006                      
 346   2   2  3  0  1  0  0         30.63579564   -0.00005                      
 347   2   2  4 -3  0  0  1         31.05696638    0.00007                      
 348   2   2  4 -2  0  0  0         31.09803306    0.00107                      
 349   2   2  4 -2  0  1  0         31.10023947    0.00046                      
 350   2   2  4 -2  0  2  0         31.10244589    0.00005                      
 351   2   2  4  0 -2  0  0         31.17088666    0.00053                      
 352   2   2  4  0 -2  1  0         31.17309308    0.00023                      
 353   3   2  4  0 -1  0  0         31.17552850    0.00008                      
 354   2   2  4  0  0  0  0         31.18017034    0.00169                      
 355   2   2  4  0  0  1  0         31.18237675    0.00146                      
 356   2   2  4  0  0  2  0         31.18458316    0.00047                      
 357   2   2  4  0  0  3  0         31.18678958    0.00007                      
 358   2   2  5 -2 -1  0  0         31.64240774    0.00017                      
 359   2   2  5  0 -1  0  0         31.72454502    0.00032                      
 360   2   2  5  0 -1  1  0         31.72675143    0.00028                      
 361   3   3 -3  2  1  0  0         41.91588590   -0.00017                      
 362   3   3 -2  0  2  0  0         42.38740694   -0.00057                      
 363   3   3 -2  2  0  0  0         42.46026054   -0.00057                      
 364   3   3 -1  0  1 -1  0         42.92957522    0.00018                      
 365   3   3 -1  0  1  0  0         42.93178163   -0.00326                      
 366   3   3 -1  2 -1  0  0         43.00463524   -0.00061                      
 367   3   3  0 -2  2  0  0         43.40330272    0.00007                      
 368   3   3  0  0  0 -1  0         43.47394991    0.00067                      
 369   3   3  0  0  0  0  0         43.47615633   -0.01188                      
 370   3   3  1 -2  1  0  0         43.94767742    0.00017                      
 371   3   3  1  0 -1  0  0         44.02053102    0.00067                      
 372   3   3  1  0  1  0  0         44.02981469   -0.00025                      
 373   3   3  1  0  1  1  0         44.03202111   -0.00011                      
 374   3   3  2  0  0 -1  0         44.57198297    0.00006                      
 375   3   3  2  0  0  0  0         44.57418939   -0.00155                      
 376   3   3  2  0  0  1  0         44.57639580   -0.00068                      
 377   3   3  2  0  0  2  0         44.57860221   -0.00007                      
